26.11.2014 19:53:03           
26.11.2014 19:53:05  41969,82854 7961 12,0 3003 30,18 30,28 100,00 0,000 1 0 0,00 -1  1 0,00
26.11.2014 19:53:10  41969,82859 7961 12,0 3003 30,18 30,28 100,00 0,000 1 0 0,00 -1  1 0,00
26.11.2014 19:53:11  41969,82861 7961 12,0 3003 30,18 30,28 100,00 0,000 1 0 0,00 -1  1 0,00
26.11.2014 19:53:12  41969,82862 7961 12,0 3003 30,18 30,28 100,00 0,000 1 0 0,00 33 CellOff 1 0,00
26.11.2014 19:53:13  41969,82863 7961 12,0 3003 30,18 30,28 100,00 0,000 1 0 0,00 33 CellOff 1 0,00
26.11.2014 19:53:14  41969,82864 7961 12,0 3003 30,18 30,28 100,00 0,000 1 0 0,00 33 CellOff 1 0,00
26.11.2014 19:53:15  41969,82865 7961 12,0 3003 30,18 30,28 100,00 0,000 1 0 0,00 33 CellOff 1 0,00
26.11.2014 19:53:16  41969,82866 7961 12,0 3003 30,18 30,28 100,00 0,000 1 0 0,00 33 CellOff 1 0,00
26.11.2014 19:53:17  41969,82868 7961 12,0 3003 30,18 30,28 100,00 0,000 1 0 0,00 33 CellOff 1 0,00
26.11.2014 19:53:18  41969,82869 7961 12,0 3003 30,18 30,28 100,00 0,000 1 0 0,00 33 CellOff 1 0,00
26.11.2014 19:53:19  41969,82870 7961 12,0 3003 30,18 30,28 100,00 0,000 1 0 0,00 -1  1 0,00
26.11.2014 19:53:20  41969,82871 7961 12,0 3003 30,18 30,28 100,00 0,000 1 0 0,00 -1  1 0,00
26.11.2014 19:53:21  41969,82873 7961 12,0 3003 30,18 30,28 100,00 0,000 1 0 0,00 -1  1 0,00
26.11.2014 19:53:22  41969,82874 7961 12,0 3003 30,18 30,28 100,00 0,000 1 0 0,00 -1  1 0,00
26.11.2014 19:53:23  41969,82875 7961 12,0 3003 30,18 30,28 100,00 0,000 1 0 0,00 -1  1 0,00
26.11.2014 19:53:24  41969,82876 7961 12,0 3003 30,18 30,28 100,00 0,000 1 0 0,00 -1  1 0,00
26.11.2014 19:53:26  41969,82877 7961 12,0 3003 30,18 30,28 100,00 0,000 1 0 0,00 9 ZeroDelayStart 1 0,00
26.11.2014 19:53:27  41969,82879 7961 12,0 3003 30,18 30,28 100,00 0,000 1 0 0,00 9 ZeroDelayStart 1 0,00
26.11.2014 19:53:28  41969,82880 7961 12,0 3003 30,18 30,28 100,00 0,000 1 0 0,00 9 ZeroDelayStart 1 0,00
26.11.2014 19:53:29  41969,82881 7961 12,0 3003 30,18 30,28 100,00 0,000 1 0 0,00 9 ZeroDelayStart 1 0,00
26.11.2014 19:53:30  41969,82882 7961 12,0 3003 30,18 30,28 100,00 0,000 1 0 0,00 9 ZeroDelayStart 1 0,00
26.11.2014 19:53:31  41969,82883 7961 12,0 3003 30,18 30,28 100,00 0,000 1 0 0,00 9 ZeroDelayStart 1 0,00
26.11.2014 19:53:32  41969,82884 7961 12,0 3003 30,18 30,28 100,00 0,000 1 0 0,00 9 ZeroDelayStart 1 0,00
26.11.2014 19:53:33  41969,82886 7961 12,0 3003 30,18 30,28 100,00 0,000 1 0 0,00 9 ZeroDelayStart 1 0,00
26.11.2014 19:53:34  41969,82887 7961 12,0 3003 30,18 30,28 100,00 0,000 1 0 0,00 9 ZeroDelayStart 1 0,00
26.11.2014 19:53:35  41969,82888 7961 12,0 3003 30,18 30,28 100,00 0,000 1 0 0,00 9 ZeroDelayStart 1 0,00
26.11.2014 19:53:36  41969,82889 7961 12,0 3003 30,18 30,28 100,00 0,000 1 0 0,00 9 ZeroDelayStart 1 0,00
26.11.2014 19:53:37  41969,82890 7961 12,0 3003 30,18 30,28 100,00 0,000 1 0 0,00 9 ZeroDelayStart 1 0,00
26.11.2014 19:53:38  41969,82891 7961 12,0 3003 30,18 30,28 100,00 0,000 1 0 0,00 9 ZeroDelayStart 1 0,00
26.11.2014 19:53:39  41969,82893 7961 12,0 3003 30,18 30,28 100,00 0,000 1 0 0,00 9 ZeroDelayStart 1 0,00
26.11.2014 19:53:40  41969,82894 7961 12,0 3003 30,18 30,28 100,00 0,000 1 0 0,00 9 ZeroDelayStart 1 0,00
26.11.2014 19:53:41  41969,82895 7961 12,0 3003 30,18 30,28 100,00 0,000 1 0 0,00 9 ZeroDelayStart 1 0,00
26.11.2014 19:53:42  41969,82896 7961 12,0 3003 30,18 30,28 100,00 0,000 1 0 0,00 9 ZeroDelayStart 1 0,00
26.11.2014 19:53:43  41969,82897 7961 12,0 3003 30,18 30,28 100,00 0,000 1 0 0,00 9 ZeroDelayStart 1 0,00
26.11.2014 19:53:44  41969,82899 7961 12,0 3003 30,18 30,28 100,00 0,000 1 0 0,00 9 ZeroDelayStart 1 0,00
26.11.2014 19:53:45  41969,82900 7961 12,0 3003 30,18 30,28 100,00 0,000 1 0 0,00 9 ZeroDelayStart 1 0,00
26.11.2014 19:53:46  41969,82901 7961 12,0 3003 30,18 30,28 100,00 0,000 1 0 0,00 9 ZeroDelayStart 1 0,00
26.11.2014 19:53:47  41969,82902 7961 12,0 3003 30,18 30,28 100,00 0,000 1 0 0,00 9 ZeroDelayStart 1 0,00
26.11.2014 19:53:48  41969,82903 7961 12,0 3003 30,18 30,28 100,00 0,000 1 0 0,00 9 ZeroDelayStart 1 0,00
26.11.2014 19:53:49  41969,82904 7961 12,0 3003 30,18 30,28 100,00 0,000 1 0 0,00 9 ZeroDelayStart 1 0,00
26.11.2014 19:53:50  41969,82906 7961 12,0 3003 30,18 30,28 100,00 0,000 1 0 0,00 9 ZeroDelayStart 1 0,00
26.11.2014 19:53:51  41969,82907 7961 12,0 3003 30,18 30,28 100,00 0,000 1 0 0,00 9 ZeroDelayStart 1 0,00
26.11.2014 19:53:52  41969,82908 7961 12,0 3003 30,18 30,28 100,00 0,000 1 0 0,00 9 ZeroDelayStart 1 0,00
26.11.2014 19:53:53  41969,82909 7961 12,0 3003 30,18 30,28 100,00 0,000 1 0 0,00 9 ZeroDelayStart 1 0,00
26.11.2014 19:53:54  41969,82910 7961 12,0 3003 30,18 30,28 100,00 0,000 1 0 0,00 9 ZeroDelayStart 1 0,00
26.11.2014 19:53:55  41969,82912 7961 12,0 3003 30,18 30,28 100,00 0,000 1 0 0,00 9 ZeroDelayStart 1 0,00
26.11.2014 19:53:56  41969,82913 7961 12,0 3003 30,18 30,28 100,00 0,000 1 0 0,00 -1  1 0,00
26.11.2014 19:53:57  41969,82914 7961 12,0 3003 30,18 30,28 100,00 0,000 1 0 0,00 -1  1 0,00
26.11.2014 19:53:58  41969,82915 7961 12,0 3003 30,18 30,28 100,00 0,000 1 0 0,00 -1  1 0,00
26.11.2014 19:53:59  41969,82916 7961 12,0 3003 30,18 30,28 100,00 0,000 1 0 0,00 11 ZeroDelay 1 0,00
26.11.2014 19:54:00  41969,82917 7961 12,0 3003 30,18 30,28 100,00 0,000 1 0 0,00 11 ZeroDelay 1 0,00
26.11.2014 19:54:01  41969,82919 7961 12,0 3003 30,18 30,28 100,00 0,000 1 0 0,00 11 ZeroDelay 1 0,00
26.11.2014 19:54:02  41969,82920 7961 12,0 3003 30,18 30,28 100,00 0,000 1 0 0,00 11 ZeroDelay 1 0,00
26.11.2014 19:54:03  41969,82921 7961 12,0 3003 30,18 30,28 100,00 0,000 1 0 0,00 11 ZeroDelay 1 0,00
26.11.2014 19:54:04  41969,82922 7961 12,0 3003 30,18 30,28 100,00 0,000 1 0 0,00 11 ZeroDelay 1 0,00
26.11.2014 19:54:05  41969,82923 7961 12,0 3003 30,18 30,28 100,00 0,000 1 0 0,00 11 ZeroDelay 1 0,00
26.11.2014 19:54:06  41969,82925 7961 12,0 3003 30,18 30,28 100,00 0,000 1 0 0,00 11 ZeroDelay 1 0,00
26.11.2014 19:54:07  41969,82926 7961 12,0 3003 30,18 30,28 100,00 0,000 1 0 0,00 11 ZeroDelay 1 0,00
26.11.2014 19:54:08  41969,82927 7961 12,0 3003 30,18 30,28 100,00 0,000 1 0 0,00 11 ZeroDelay 1 0,00
26.11.2014 19:54:09  41969,82928 7961 12,0 3003 30,18 30,28 100,00 0,000 1 0 0,00 11 ZeroDelay 1 0,00
26.11.2014 19:54:10  41969,82929 7961 12,0 3003 30,18 30,28 100,00 0,000 1 0 0,00 11 ZeroDelay 1 0,00
26.11.2014 19:54:11  41969,82930 7961 12,0 3003 30,18 30,28 100,00 0,000 1 0 0,00 11 ZeroDelay 1 0,00
26.11.2014 19:54:12  41969,82932 7961 12,0 3003 30,18 30,28 100,00 0,000 1 0 0,00 11 ZeroDelay 1 0,00
26.11.2014 19:54:13  41969,82933 7961 12,0 3003 30,18 30,28 100,00 0,000 1 0 0,00 11 ZeroDelay 1 0,00
26.11.2014 19:54:14  41969,82934 7961 12,0 3003 30,18 30,28 100,00 0,000 1 0 0,00 11 ZeroDelay 1 0,00
26.11.2014 19:54:15  41969,82935 7961 12,0 3003 30,18 30,28 100,00 0,000 1 0 0,00 11 ZeroDelay 1 0,00
26.11.2014 19:54:17  41969,82936 7961 12,0 3003 30,18 30,28 100,00 0,000 1 0 0,00 11 ZeroDelay 1 0,00
26.11.2014 19:54:18  41969,82938 7961 12,0 3003 30,18 30,28 100,00 0,000 1 0 0,00 11 ZeroDelay 1 0,00
26.11.2014 19:54:19  41969,82939 7961 12,0 3003 30,18 30,28 100,00 0,000 1 0 0,00 11 ZeroDelay 1 0,00
26.11.2014 19:54:20  41969,82940 7961 12,0 3003 30,18 30,28 100,00 0,000 1 0 0,00 -1  1 0,00
26.11.2014 19:54:21  41969,82941 7961 12,0 3003 30,18 30,28 100,00 0,000 1 0 0,00 12 ZeroLevel 1 0,00
26.11.2014 19:54:22  41969,82942 7961 12,0 3003 30,18 30,28 100,00 0,000 1 0 0,00 12 ZeroLevel 1 0,00
26.11.2014 19:54:23  41969,82943 7961 12,0 3003 30,18 30,28 100,00 0,000 1 0 0,00 12 ZeroLevel 1 0,00
26.11.2014 19:54:24  41969,82945 7961 12,0 3003 30,18 30,28 100,00 0,000 1 0 0,00 12 ZeroLevel 1 0,00
26.11.2014 19:54:25  41969,82946 7961 12,0 3003 30,18 30,28 100,00 0,000 1 0 0,00 12 ZeroLevel 1 0,00
26.11.2014 19:54:26  41969,82947 7961 12,0 3003 30,18 30,28 100,00 0,000 1 0 0,00 12 ZeroLevel 1 0,00
26.11.2014 19:54:27  41969,82948 7961 12,0 3003 30,18 30,28 100,00 0,000 1 0 0,00 12 ZeroLevel 1 0,00
26.11.2014 19:54:28  41969,82949 7961 12,0 3003 30,18 30,28 100,00 0,000 1 0 0,00 12 ZeroLevel 1 0,00
26.11.2014 19:54:29  41969,82951 7961 12,0 3003 30,18 30,28 100,00 0,000 1 0 0,00 12 ZeroLevel 1 0,00
26.11.2014 19:54:30  41969,82952 7961 12,0 3003 30,18 30,28 100,00 0,000 1 0 0,00 12 ZeroLevel 1 0,00
26.11.2014 19:54:31  41969,82953 7961 12,0 3003 30,18 30,28 100,00 0,000 1 0 0,00 12 ZeroLevel 1 0,00
26.11.2014 19:54:32  41969,82954 7961 12,0 3003 30,18 30,28 100,00 0,000 1 0 0,00 12 ZeroLevel 1 0,00
26.11.2014 19:54:33  41969,82955 7961 12,0 3003 30,18 30,28 100,00 0,000 1 0 0,00 12 ZeroLevel 1 0,00
26.11.2014 19:54:34  41969,82956 7961 12,0 3003 30,18 30,28 100,00 0,000 1 0 0,00 12 ZeroLevel 1 0,00
26.11.2014 19:54:35  41969,82958 7961 12,0 3003 30,18 30,28 100,00 0,000 1 0 0,00 12 ZeroLevel 1 0,00
26.11.2014 19:54:36  41969,82959 7961 12,0 3003 30,18 30,28 100,00 0,000 1 0 0,00 12 ZeroLevel 1 0,00
26.11.2014 19:54:37  41969,82960 7961 12,0 3003 30,18 30,28 100,00 0,000 1 0 0,00 12 ZeroLevel 1 0,00
26.11.2014 19:54:38  41969,82961 7961 12,0 3003 30,18 30,28 100,00 0,000 1 0 0,00 12 ZeroLevel 1 0,00
26.11.2014 19:54:39  41969,82962 7961 12,0 3003 30,18 30,28 100,00 0,000 1 0 0,00 12 ZeroLevel 1 0,00
26.11.2014 19:54:40  41969,82964 7961 12,0 3003 30,18 30,28 100,00 0,000 1 0 0,00 12 ZeroLevel 1 0,00
26.11.2014 19:54:41  41969,82965 7961 12,0 3003 30,18 30,28 100,00 0,000 1 0 0,00 12 ZeroLevel 1 0,00
26.11.2014 19:54:42  41969,82966 7961 12,0 3003 30,18 30,28 100,00 0,000 1 0 0,00 12 ZeroLevel 1 0,00
26.11.2014 19:54:43  41969,82967 7961 12,0 3003 30,18 30,28 100,00 0,000 1 0 0,00 12 ZeroLevel 1 0,00
26.11.2014 19:54:44  41969,82968 7961 12,0 3003 30,18 30,28 100,00 0,000 1 0 0,00 12 ZeroLevel 1 0,00
26.11.2014 19:54:45  41969,82970 7961 12,0 3003 30,18 30,28 100,00 0,000 1 0 0,00 12 ZeroLevel 1 0,00
26.11.2014 19:54:46  41969,82971 7961 12,0 3003 30,18 30,28 100,00 0,000 1 0 0,00 12 ZeroLevel 1 0,00
26.11.2014 19:54:47  41969,82972 7961 12,0 3003 30,18 30,28 100,00 0,000 1 0 0,00 12 ZeroLevel 1 0,00
26.11.2014 19:54:48  41969,82973 7961 12,0 3003 30,18 30,28 100,00 0,000 1 0 0,00 12 ZeroLevel 1 0,00
26.11.2014 19:54:49  41969,82974 7961 12,0 3003 30,18 30,28 100,00 0,000 1 0 0,00 12 ZeroLevel 1 0,00
26.11.2014 19:54:50  41969,82976 7961 12,0 3003 30,18 30,28 100,00 0,000 1 0 0,00 12 ZeroLevel 1 0,00
26.11.2014 19:54:51  41969,82977 7961 12,0 3003 30,18 30,28 100,00 0,000 1 0 0,00 -1  1 0,00
26.11.2014 19:54:53  41969,82978 7961 12,0 3003 30,18 30,28 100,00 0,000 0 1 661,27 30 CellOn 1 0,00
26.11.2014 19:54:54  41969,82979 7961 12,0 3003 30,18 30,28 100,00 0,000 0 1 661,27 30 CellOn 1 0,00
26.11.2014 19:54:55  41969,82980 7961 12,0 3003 30,18 30,28 100,00 0,000 0 1 661,27 30 CellOn 1 0,00
26.11.2014 19:54:56  41969,82982 7961 12,0 3003 30,18 30,28 100,00 0,000 0 1 661,27 30 CellOn 1 0,00
26.11.2014 19:54:57  41969,82983 7961 12,0 3003 30,18 30,28 100,00 0,000 0 1 661,27 30 CellOn 1 0,00
26.11.2014 19:54:58  41969,82984 7961 12,0 3003 30,18 30,28 100,00 0,000 0 1 661,27 30 CellOn 1 0,00
26.11.2014 19:54:59  41969,82985 7961 12,0 3003 30,18 30,28 100,00 0,000 0 1 661,27 30 CellOn 1 0,00
26.11.2014 19:55:00  41969,82986 7961 12,0 3003 30,18 30,28 100,00 0,000 0 1 661,27 -1  1 0,00
26.11.2014 19:55:01  41969,82988 7961 12,0 3003 30,18 30,28 100,00 0,000 0 1 661,27 32 CellLevel 1 0,00
26.11.2014 19:55:02  41969,82989 7961 12,0 3003 30,18 30,28 100,00 0,000 0 1 661,27 32 CellLevel 1 0,00
26.11.2014 19:55:03  41969,82990 7961 12,0 3003 30,18 30,28 100,00 0,000 0 1 661,27 32 CellLevel 1 0,00
26.11.2014 19:55:04  41969,82991 7961 12,0 3003 30,18 30,28 100,00 0,000 0 1 661,27 32 CellLevel 1 0,00
26.11.2014 19:55:05  41969,82992 7961 12,0 3003 30,18 30,28 100,00 0,000 0 1 661,27 32 CellLevel 1 0,00
26.11.2014 19:55:06  41969,82994 7961 12,0 3003 30,18 30,28 100,00 0,000 0 1 661,27 32 CellLevel 1 0,00
26.11.2014 19:55:07  41969,82995 7961 12,0 3003 30,18 30,28 100,00 0,000 0 1 661,27 32 CellLevel 1 0,00
26.11.2014 19:55:08  41969,82996 7961 12,0 3003 30,18 30,28 100,00 0,000 0 1 661,27 32 CellLevel 1 0,00
26.11.2014 19:55:09  41969,82997 7961 12,0 3003 30,18 30,28 100,00 0,000 0 1 661,27 32 CellLevel 1 0,00
26.11.2014 19:55:10  41969,82998 7961 12,0 3003 30,18 30,28 100,00 0,000 0 1 661,27 32 CellLevel 1 0,00
26.11.2014 19:55:11  41969,83000 7961 12,0 3003 30,18 30,28 100,00 0,000 0 1 661,27 32 CellLevel 1 0,00
26.11.2014 19:55:12  41969,83001 7961 12,0 3003 30,18 30,28 100,00 0,000 0 1 661,27 32 CellLevel 1 0,00
26.11.2014 19:55:13  41969,83002 7961 12,0 3003 30,18 30,28 100,00 0,000 0 1 661,27 32 CellLevel 1 0,00
26.11.2014 19:55:14  41969,83003 7961 12,0 3003 30,18 30,28 100,00 0,000 0 1 661,27 32 CellLevel 1 0,00
26.11.2014 19:55:15  41969,83004 7961 12,0 3003 30,18 30,28 100,00 0,000 0 1 661,27 32 CellLevel 1 0,00
26.11.2014 19:55:16  41969,83006 7961 12,0 3003 30,18 30,28 100,00 0,000 0 1 661,27 32 CellLevel 1 0,00
26.11.2014 19:55:17  41969,83007 7961 12,0 3003 30,18 30,28 100,00 0,000 0 1 661,27 32 CellLevel 1 0,00
26.11.2014 19:55:18  41969,83008 7961 12,0 3003 30,18 30,28 100,00 0,000 0 1 661,27 32 CellLevel 1 0,00
26.11.2014 19:55:19  41969,83009 7961 12,0 3003 30,18 30,28 100,00 0,000 0 1 661,27 32 CellLevel 1 0,00
26.11.2014 19:55:20  41969,83010 7961 12,0 3003 30,18 30,28 100,00 0,000 0 1 661,27 32 CellLevel 1 0,00
26.11.2014 19:55:21  41969,83012 7961 12,0 3003 30,18 30,28 100,00 0,000 0 1 661,27 -1  1 0,00
26.11.2014 19:55:23  41969,83013 7961 12,0 3003 30,18 30,28 100,00 0,000 1 0 0,00 33 CellOff 1 0,00
26.11.2014 19:55:24  41969,83014 7961 12,0 3003 30,18 30,28 100,00 0,000 1 0 0,00 33 CellOff 1 0,00
26.11.2014 19:55:25  41969,83015 7961 12,0 3003 30,18 30,28 100,00 0,000 1 0 0,00 33 CellOff 1 0,00
26.11.2014 19:55:26  41969,83016 7961 12,0 3003 30,18 30,28 100,00 0,000 1 0 0,00 33 CellOff 1 0,00
26.11.2014 19:55:27  41969,83018 7961 12,0 3003 30,18 30,28 100,00 0,000 1 0 0,00 33 CellOff 1 0,00
26.11.2014 19:55:28  41969,83019 7961 12,0 3003 30,18 30,28 100,00 0,000 1 0 0,00 33 CellOff 1 0,00
26.11.2014 19:55:29  41969,83020 7961 12,0 3003 30,18 30,28 100,00 0,000 1 0 0,00 33 CellOff 1 0,00
26.11.2014 19:55:30  41969,83021 7961 12,0 3003 30,18 30,28 100,00 0,000 1 0 0,00 -1  1 0,00
26.11.2014 19:55:31  41969,83022 7961 12,0 3003 30,18 30,28 100,00 0,000 1 0 0,00 -1  1 0,00
26.11.2014 19:55:32  41969,83024 7961 12,0 3003 30,18 30,28 100,00 0,000 1 0 0,00 -1  1 0,00
26.11.2014 19:55:33  41969,83025 7961 12,0 3003 30,18 30,28 100,00 0,000 1 0 0,00 11 ZeroDelay 1 0,00
26.11.2014 19:55:34  41969,83026 7961 12,0 3003 30,18 30,28 100,00 0,000 1 0 0,00 11 ZeroDelay 1 0,00
26.11.2014 19:55:35  41969,83027 7961 12,0 3003 30,18 30,28 100,00 0,000 1 0 0,00 11 ZeroDelay 1 0,00
26.11.2014 19:55:36  41969,83028 7961 12,0 3003 30,18 30,28 100,00 0,000 1 0 0,00 11 ZeroDelay 1 0,00
26.11.2014 19:55:37  41969,83030 7961 12,0 3003 30,18 30,28 100,00 0,000 1 0 0,00 11 ZeroDelay 1 0,00
26.11.2014 19:55:38  41969,83031 7961 12,0 3003 30,18 30,28 100,00 0,000 1 0 0,00 11 ZeroDelay 1 0,00
26.11.2014 19:55:39  41969,83032 7961 12,0 3003 30,18 30,28 100,00 0,000 1 0 0,00 11 ZeroDelay 1 0,00
26.11.2014 19:55:40  41969,83033 7961 12,0 3003 30,18 30,28 100,00 0,000 1 0 0,00 11 ZeroDelay 1 0,00
26.11.2014 19:55:41  41969,83034 7961 12,0 3003 30,18 30,28 100,00 0,000 1 0 0,00 11 ZeroDelay 1 0,00
26.11.2014 19:55:42  41969,83036 7961 12,0 3003 30,18 30,28 100,00 0,000 1 0 0,00 11 ZeroDelay 1 0,00
26.11.2014 19:55:43  41969,83037 7961 12,0 3003 30,18 30,28 100,00 0,000 1 0 0,00 11 ZeroDelay 1 0,00
26.11.2014 19:55:44  41969,83038 7961 12,0 3003 30,18 30,28 100,00 0,000 1 0 0,00 11 ZeroDelay 1 0,00
26.11.2014 19:55:45  41969,83039 7961 12,0 3003 30,18 30,28 100,00 0,000 1 0 0,00 11 ZeroDelay 1 0,00
26.11.2014 19:55:46  41969,83040 7961 12,0 3003 30,18 30,28 100,00 0,000 1 0 0,00 11 ZeroDelay 1 0,00
26.11.2014 19:55:47  41969,83042 7961 12,0 3003 30,18 30,28 100,00 0,000 1 0 0,00 11 ZeroDelay 1 0,00
26.11.2014 19:55:48  41969,83043 7961 12,0 3003 30,18 30,28 100,00 0,000 1 0 0,00 11 ZeroDelay 1 0,00
26.11.2014 19:55:49  41969,83044 7961 12,0 3003 30,18 30,28 100,00 0,000 1 0 0,00 11 ZeroDelay 1 0,00
26.11.2014 19:55:51  41969,83045 7961 12,0 3003 30,18 30,28 100,00 0,000 1 0 0,00 11 ZeroDelay 1 0,00
26.11.2014 19:55:52  41969,83046 7961 12,0 3003 30,18 30,28 100,00 0,000 1 0 0,00 11 ZeroDelay 1 0,00
26.11.2014 19:55:53  41969,83048 7961 12,0 3003 30,18 30,28 100,00 0,000 1 0 0,00 11 ZeroDelay 1 0,00
26.11.2014 19:55:54  41969,83049 7961 12,0 3003 30,18 30,28 100,00 0,000 1 0 0,00 -1  1 0,00
26.11.2014 19:55:55  41969,83050 7961 12,0 3003 30,18 30,28 100,00 0,000 1 0 0,00 12 ZeroLevel 1 0,00
26.11.2014 19:55:56  41969,83051 7961 12,0 3003 30,18 30,28 100,00 0,000 1 0 0,00 12 ZeroLevel 1 0,00
26.11.2014 19:55:57  41969,83052 7961 12,0 3003 30,18 30,28 100,00 0,000 1 0 0,00 12 ZeroLevel 1 0,00
26.11.2014 19:55:58  41969,83053 7961 12,0 3003 30,18 30,28 100,00 0,000 1 0 0,00 12 ZeroLevel 1 0,00
26.11.2014 19:55:59  41969,83055 7961 12,0 3003 30,18 30,28 100,00 0,000 1 0 0,00 12 ZeroLevel 1 0,00
26.11.2014 19:56:00  41969,83056 7961 12,0 3003 30,18 30,28 100,00 0,000 1 0 0,00 12 ZeroLevel 1 0,00
26.11.2014 19:56:01  41969,83057 7961 12,0 3003 30,18 30,28 100,00 0,000 1 0 0,00 12 ZeroLevel 1 0,00
26.11.2014 19:56:02  41969,83058 7961 12,0 3003 30,18 30,28 100,00 0,000 1 0 0,00 12 ZeroLevel 1 0,00
26.11.2014 19:56:03  41969,83059 7961 12,0 3003 30,18 30,28 100,00 0,000 1 0 0,00 12 ZeroLevel 1 0,00
26.11.2014 19:56:04  41969,83061 7961 12,0 3003 30,18 30,28 100,00 0,000 1 0 0,00 12 ZeroLevel 1 0,00
26.11.2014 19:56:05  41969,83062 7961 12,0 3003 30,18 30,28 100,00 0,000 1 0 0,00 12 ZeroLevel 1 0,00
26.11.2014 19:56:06  41969,83063 7961 12,0 3003 30,18 30,28 100,00 0,000 1 0 0,00 12 ZeroLevel 1 0,00
26.11.2014 19:56:07  41969,83064 7961 12,0 3003 30,18 30,28 100,00 0,000 1 0 0,00 12 ZeroLevel 1 0,00
26.11.2014 19:56:08  41969,83065 7961 12,0 3003 30,18 30,28 100,00 0,000 1 0 0,00 12 ZeroLevel 1 0,00
26.11.2014 19:56:09  41969,83067 7961 12,0 3003 30,18 30,28 100,00 0,000 1 0 0,00 12 ZeroLevel 1 0,00
26.11.2014 19:56:10  41969,83068 7961 12,0 3003 30,18 30,28 100,00 0,000 1 0 0,00 12 ZeroLevel 1 0,00
26.11.2014 19:56:11  41969,83069 7961 12,0 3003 30,18 30,28 100,00 0,000 1 0 0,00 12 ZeroLevel 1 0,00
26.11.2014 19:56:12  41969,83070 7961 12,0 3003 30,18 30,28 100,00 0,000 1 0 0,00 12 ZeroLevel 1 0,00
26.11.2014 19:56:13  41969,83071 7961 12,0 3003 30,18 30,28 100,00 0,000 1 0 0,00 12 ZeroLevel 1 0,00
26.11.2014 19:56:14  41969,83073 7961 12,0 3003 30,18 30,28 100,00 0,000 1 0 0,00 12 ZeroLevel 1 0,00
26.11.2014 19:56:15  41969,83074 7961 12,0 3003 30,18 30,28 100,00 0,000 1 0 0,00 12 ZeroLevel 1 0,00
26.11.2014 19:56:16  41969,83075 7961 12,0 3003 30,18 30,28 100,00 0,000 1 0 0,00 12 ZeroLevel 1 0,00
26.11.2014 19:56:17  41969,83076 7961 12,0 3003 30,18 30,28 100,00 0,000 1 0 0,00 12 ZeroLevel 1 0,00
26.11.2014 19:56:18  41969,83077 7961 12,0 3003 30,18 30,28 100,00 0,000 1 0 0,00 12 ZeroLevel 1 0,00
26.11.2014 19:56:19  41969,83079 7961 12,0 3003 30,18 30,28 100,00 0,000 1 0 0,00 12 ZeroLevel 1 0,00
26.11.2014 19:56:20  41969,83080 7961 12,0 3003 30,18 30,28 100,00 0,000 1 0 0,00 12 ZeroLevel 1 0,00
26.11.2014 19:56:21  41969,83081 7961 12,0 3003 30,18 30,28 100,00 0,000 1 0 0,00 12 ZeroLevel 1 0,00
26.11.2014 19:56:22  41969,83082 7961 12,0 3003 30,18 30,28 100,00 0,000 1 0 0,00 12 ZeroLevel 1 0,00
26.11.2014 19:56:23  41969,83083 7961 12,0 3003 30,18 30,28 100,00 0,000 1 0 0,00 12 ZeroLevel 1 0,00
26.11.2014 19:56:24  41969,83084 7961 12,0 3003 30,18 30,28 100,00 0,000 1 0 0,00 12 ZeroLevel 1 0,00
26.11.2014 19:56:26  41969,83086 7961 12,0 3003 30,18 30,28 100,00 0,000 1 0 0,00 -1  1 0,00
26.11.2014 19:56:27  41969,83087 7961 12,0 3003 30,18 30,28 99,00 0,447 1 0 0,00 20 TotalValveOn 1 0,00
26.11.2014 19:56:28  41969,83088 7961 12,0 3003 30,18 30,28 99,00 0,000 1 0 0,00 -1  1 0,00
26.11.2014 19:56:29  41969,83089 7961 12,0 3003 30,18 30,28 99,00 0,000 1 0 0,00 21 TotalConcDelay 1 0,00
26.11.2014 19:56:30  41969,83091 7961 12,0 3003 30,18 30,28 99,00 0,000 1 0 0,00 21 TotalConcDelay 1 0,00
26.11.2014 19:56:31  41969,83092 7961 12,0 3003 30,18 30,28 99,00 0,000 1 0 0,00 21 TotalConcDelay 1 0,00
26.11.2014 19:56:32  41969,83093 7961 12,0 3003 30,18 30,28 99,00 0,000 1 0 0,00 21 TotalConcDelay 1 0,00
26.11.2014 19:56:33  41969,83094 7961 12,0 3003 30,18 30,28 99,00 0,000 1 0 0,00 21 TotalConcDelay 1 0,00
26.11.2014 19:56:34  41969,83095 7961 12,0 3003 30,18 30,28 99,00 0,000 1 0 0,00 21 TotalConcDelay 1 0,00
26.11.2014 19:56:35  41969,83097 7961 12,0 3003 30,18 30,28 99,00 0,000 1 0 0,00 21 TotalConcDelay 1 0,00
26.11.2014 19:56:36  41969,83098 7961 12,0 3003 30,18 30,28 99,00 0,000 1 0 0,00 21 TotalConcDelay 1 0,00
26.11.2014 19:56:37  41969,83099 7961 12,0 3003 30,18 30,28 99,00 0,000 1 0 0,00 21 TotalConcDelay 1 0,00
26.11.2014 19:56:38  41969,83100 7961 12,0 3003 30,18 30,28 99,00 0,000 1 0 0,00 21 TotalConcDelay 1 0,00
26.11.2014 19:56:39  41969,83101 7961 12,0 3003 30,18 30,28 99,00 0,000 1 0 0,00 21 TotalConcDelay 1 0,00
26.11.2014 19:56:40  41969,83103 7961 12,0 3003 30,18 30,28 99,00 0,000 1 0 0,00 21 TotalConcDelay 1 0,00
26.11.2014 19:56:41  41969,83104 7961 12,0 3003 30,18 30,28 99,00 0,000 1 0 0,00 21 TotalConcDelay 1 0,00
26.11.2014 19:56:42  41969,83105 7961 12,0 3003 30,18 30,28 99,00 0,000 1 0 0,00 21 TotalConcDelay 1 0,00
26.11.2014 19:56:43  41969,83106 7961 12,0 3003 30,18 30,28 99,00 0,000 1 0 0,00 21 TotalConcDelay 1 0,00
26.11.2014 19:56:44  41969,83107 7961 12,0 3003 30,18 30,28 99,00 0,000 1 0 0,00 21 TotalConcDelay 1 0,00
26.11.2014 19:56:45  41969,83109 7961 12,0 3003 30,18 30,28 99,00 0,000 1 0 0,00 21 TotalConcDelay 1 0,00
26.11.2014 19:56:46  41969,83110 7961 12,0 3003 30,18 30,28 99,00 0,000 1 0 0,00 21 TotalConcDelay 1 0,00
26.11.2014 19:56:47  41969,83111 7961 12,0 3003 30,18 30,28 99,00 0,000 1 0 0,00 21 TotalConcDelay 1 0,00
26.11.2014 19:56:48  41969,83112 7961 12,0 3003 30,18 30,28 99,00 0,000 1 0 0,00 -1  1 0,00
26.11.2014 19:56:50  41969,83113 7961 12,0 3003 30,18 30,28 99,00 0,000 1 0 0,00 -1  1 0,00
26.11.2014 19:56:51  41969,83115 7961 12,0 3003 30,18 30,28 99,00 0,000 1 0 0,00 22 TotalConcMeas 1 0,00
26.11.2014 19:56:52  41969,83116 7961 12,0 3003 30,18 30,28 99,00 0,000 1 0 0,00 22 TotalConcMeas 1 0,00
26.11.2014 19:56:53  41969,83117 7961 12,0 3003 30,18 30,28 99,00 0,000 1 0 0,00 22 TotalConcMeas 1 0,00
26.11.2014 19:56:54  41969,83118 7961 12,0 3003 30,18 30,28 99,00 0,000 1 0 0,00 22 TotalConcMeas 1 0,00
26.11.2014 19:56:55  41969,83119 7961 12,0 3003 30,18 30,28 99,00 0,000 1 0 0,00 22 TotalConcMeas 1 0,00
26.11.2014 19:56:56  41969,83121 7961 12,0 3003 30,18 30,28 99,00 0,000 1 0 0,00 22 TotalConcMeas 1 0,00
26.11.2014 19:56:57  41969,83122 7961 12,0 3003 30,18 30,28 99,00 0,000 1 0 0,00 22 TotalConcMeas 1 0,00
26.11.2014 19:56:58  41969,83123 7961 12,0 3003 30,18 30,28 99,00 0,000 1 0 0,00 22 TotalConcMeas 1 0,00
26.11.2014 19:56:59  41969,83124 7961 12,0 3003 30,18 30,28 99,00 0,000 1 0 0,00 22 TotalConcMeas 1 0,00
26.11.2014 19:57:00  41969,83125 7961 12,0 3003 30,18 30,28 99,00 0,000 1 0 0,00 22 TotalConcMeas 1 0,00
26.11.2014 19:57:01  41969,83127 7961 12,0 3003 30,18 30,28 99,00 0,000 1 0 0,00 22 TotalConcMeas 1 0,00
26.11.2014 19:57:02  41969,83128 7961 12,0 3003 30,18 30,28 99,00 0,000 1 0 0,00 22 TotalConcMeas 1 0,00
26.11.2014 19:57:03  41969,83129 7961 12,0 3003 30,18 30,28 99,00 0,000 1 0 0,00 22 TotalConcMeas 1 0,00
26.11.2014 19:57:04  41969,83130 7961 12,0 3003 30,18 30,28 99,00 0,000 1 0 0,00 22 TotalConcMeas 1 0,00
26.11.2014 19:57:05  41969,83131 7961 12,0 3003 30,18 30,28 99,00 0,000 1 0 0,00 22 TotalConcMeas 1 0,00
26.11.2014 19:57:06  41969,83133 7961 12,0 3003 30,18 30,28 99,00 0,000 1 0 0,00 22 TotalConcMeas 1 0,00
26.11.2014 19:57:07  41969,83134 7961 12,0 3003 30,18 30,28 99,00 0,000 1 0 0,00 22 TotalConcMeas 1 0,00
26.11.2014 19:57:08  41969,83135 7961 12,0 3003 30,18 30,28 99,00 0,000 1 0 0,00 22 TotalConcMeas 1 0,00
26.11.2014 19:57:09  41969,83136 7961 12,0 3003 30,18 30,28 99,00 0,000 1 0 0,00 22 TotalConcMeas 1 0,00
26.11.2014 19:57:10  41969,83137 7961 12,0 3003 30,18 30,28 99,00 0,000 1 0 0,00 22 TotalConcMeas 1 0,00
26.11.2014 19:57:11  41969,83139 7961 12,0 3003 30,18 30,28 99,00 0,000 1 0 0,00 22 TotalConcMeas 1 0,00
26.11.2014 19:57:12  41969,83140 7961 12,0 3003 30,18 30,28 99,00 0,000 1 0 0,00 22 TotalConcMeas 1 0,00
26.11.2014 19:57:13  41969,83141 7961 12,0 3003 30,18 30,28 99,00 0,000 1 0 0,00 22 TotalConcMeas 1 0,00
26.11.2014 19:57:14  41969,83142 7961 12,0 3003 30,18 30,28 99,00 0,000 1 0 0,00 22 TotalConcMeas 1 0,00
26.11.2014 19:57:15  41969,83143 7961 12,0 3003 30,18 30,28 99,00 0,000 1 0 0,00 22 TotalConcMeas 1 0,00
26.11.2014 19:57:16  41969,83145 7961 12,0 3003 30,18 30,28 99,00 0,000 1 0 0,00 22 TotalConcMeas 1 0,00
26.11.2014 19:57:17  41969,83146 7961 12,0 3003 30,18 30,28 99,00 0,000 1 0 0,00 22 TotalConcMeas 1 0,00
26.11.2014 19:57:18  41969,83147 7961 12,0 3003 30,18 30,28 99,00 0,000 1 0 0,00 22 TotalConcMeas 1 0,00
26.11.2014 19:57:20  41969,83148 7961 12,0 3003 30,18 30,28 99,00 0,000 1 0 0,00 22 TotalConcMeas 1 0,00
26.11.2014 19:57:21  41969,83149 7961 12,0 3003 30,18 30,28 99,00 0,000 1 0 0,00 22 TotalConcMeas 1 0,00
26.11.2014 19:57:22  41969,83151 7961 12,0 3003 30,18 30,28 99,00 0,000 1 0 0,00 22 TotalConcMeas 1 0,00
26.11.2014 19:57:23  41969,83152 7961 12,0 3003 30,18 30,28 99,00 0,000 1 0 0,00 22 TotalConcMeas 1 0,00
26.11.2014 19:57:24  41969,83153 7961 12,0 3003 30,18 30,28 99,00 0,000 1 0 0,00 22 TotalConcMeas 1 0,00
26.11.2014 19:57:25  41969,83154 7961 12,0 3003 30,18 30,28 99,00 0,000 1 0 0,00 22 TotalConcMeas 1 0,00
26.11.2014 19:57:26  41969,83155 7961 12,0 3003 30,18 30,28 99,00 0,000 1 0 0,00 22 TotalConcMeas 1 0,00
26.11.2014 19:57:27  41969,83157 7961 12,0 3003 30,18 30,28 99,00 0,000 1 0 0,00 22 TotalConcMeas 1 0,00
26.11.2014 19:57:28  41969,83158 7961 12,0 3003 30,18 30,28 99,00 0,000 1 0 0,00 22 TotalConcMeas 1 0,00
26.11.2014 19:57:29  41969,83159 7961 12,0 3003 30,18 30,28 99,00 0,000 1 0 0,00 22 TotalConcMeas 1 0,00
26.11.2014 19:57:30  41969,83160 7961 12,0 3003 30,18 30,28 99,00 0,000 1 0 0,00 22 TotalConcMeas 1 0,00
26.11.2014 19:57:31  41969,83161 7961 12,0 3003 30,18 30,28 99,00 0,000 1 0 0,00 22 TotalConcMeas 1 0,00
26.11.2014 19:57:32  41969,83163 7961 12,0 3003 30,18 30,28 99,00 0,000 1 0 0,00 22 TotalConcMeas 1 0,00
26.11.2014 19:57:33  41969,83164 7961 12,0 3003 30,18 30,28 99,00 0,000 1 0 0,00 22 TotalConcMeas 1 0,00
26.11.2014 19:57:34  41969,83165 7961 12,0 3003 30,18 30,28 99,00 0,000 1 0 0,00 22 TotalConcMeas 1 0,00
26.11.2014 19:57:35  41969,83166 7961 12,0 3003 30,18 30,28 99,00 0,000 1 0 0,00 22 TotalConcMeas 1 0,00
26.11.2014 19:57:36  41969,83167 7961 12,0 3003 30,18 30,28 99,00 0,000 1 0 0,00 22 TotalConcMeas 1 0,00
26.11.2014 19:57:37  41969,83169 7961 12,0 3003 30,18 30,28 99,00 0,000 1 0 0,00 22 TotalConcMeas 1 0,00
26.11.2014 19:57:38  41969,83170 7961 12,0 3003 30,18 30,28 99,00 0,000 1 0 0,00 22 TotalConcMeas 1 0,00
26.11.2014 19:57:39  41969,83171 7961 12,0 3003 30,18 30,28 99,00 0,000 1 0 0,00 22 TotalConcMeas 1 0,00
26.11.2014 19:57:40  41969,83172 7961 12,0 3003 30,18 30,28 99,00 0,000 1 0 0,00 22 TotalConcMeas 1 0,00
26.11.2014 19:57:41  41969,83173 7961 12,0 3003 30,18 30,28 99,00 0,000 1 0 0,00 22 TotalConcMeas 1 0,00
26.11.2014 19:57:42  41969,83175 7961 12,0 3003 30,18 30,28 99,00 0,000 1 0 0,00 22 TotalConcMeas 1 0,00
26.11.2014 19:57:43  41969,83176 7961 12,0 3003 30,18 30,28 99,00 0,000 1 0 0,00 22 TotalConcMeas 1 0,00
26.11.2014 19:57:44  41969,83177 7961 12,0 3003 30,18 30,28 99,00 0,000 1 0 0,00 22 TotalConcMeas 1 0,00
26.11.2014 19:57:46  41969,83178 7961 12,0 3003 30,18 30,28 99,00 0,000 1 0 0,00 22 TotalConcMeas 1 0,00
26.11.2014 19:57:47  41969,83179 7961 12,0 3003 30,18 30,28 99,00 0,000 1 0 0,00 22 TotalConcMeas 1 0,00
26.11.2014 19:57:48  41969,83181 7961 12,0 3003 30,18 30,28 99,00 0,000 1 0 0,00 -1  1 0,00
26.11.2014 19:57:49  41969,83182 7961 12,0 3003 30,18 30,28 99,00 0,000 1 0 0,00 22 TotalConcMeas 1 0,00
26.11.2014 19:57:50  41969,83183 7961 12,0 3003 30,18 30,28 99,00 0,000 1 0 0,00 22 TotalConcMeas 1 0,00
26.11.2014 19:57:51  41969,83184 7961 12,0 3003 30,18 30,28 99,00 0,000 1 0 0,00 22 TotalConcMeas 1 0,00
26.11.2014 19:57:52  41969,83185 7961 12,0 3003 30,18 30,28 99,00 0,000 1 0 0,00 22 TotalConcMeas 1 0,00
26.11.2014 19:57:53  41969,83187 7961 12,0 3003 30,18 30,28 99,00 0,000 1 0 0,00 22 TotalConcMeas 1 0,00
26.11.2014 19:57:54  41969,83188 7961 12,0 3003 30,18 30,28 99,00 0,000 1 0 0,00 22 TotalConcMeas 1 0,00
26.11.2014 19:57:55  41969,83189 7961 12,0 3003 30,18 30,28 99,00 0,000 1 0 0,00 22 TotalConcMeas 1 0,00
26.11.2014 19:57:56  41969,83190 7961 12,0 3003 30,18 30,28 99,00 0,000 1 0 0,00 22 TotalConcMeas 1 0,00
26.11.2014 19:57:57  41969,83191 7961 12,0 3003 30,18 30,28 99,00 0,000 1 0 0,00 22 TotalConcMeas 1 0,00
26.11.2014 19:57:58  41969,83193 7961 12,0 3003 30,18 30,28 99,00 0,000 1 0 0,00 22 TotalConcMeas 1 0,00
26.11.2014 19:57:59  41969,83194 7961 12,0 3003 30,18 30,28 99,00 0,000 1 0 0,00 22 TotalConcMeas 1 0,00
26.11.2014 19:58:00  41969,83195 7961 12,0 3003 30,18 30,28 99,00 0,000 1 0 0,00 22 TotalConcMeas 1 0,00
26.11.2014 19:58:01  41969,83196 7961 12,0 3003 30,18 30,28 99,00 0,000 1 0 0,00 22 TotalConcMeas 1 0,00
26.11.2014 19:58:02  41969,83197 7961 12,0 3003 30,18 30,28 99,00 0,000 1 0 0,00 22 TotalConcMeas 1 0,00
26.11.2014 19:58:03  41969,83199 7961 12,0 3003 30,18 30,28 99,00 0,000 1 0 0,00 22 TotalConcMeas 1 0,00
26.11.2014 19:58:04  41969,83200 7961 12,0 3003 30,18 30,28 99,00 0,000 1 0 0,00 22 TotalConcMeas 1 0,00
26.11.2014 19:58:05  41969,83201 7961 12,0 3003 30,18 30,28 99,00 0,000 1 0 0,00 22 TotalConcMeas 1 0,00
26.11.2014 19:58:06  41969,83202 7961 12,0 3003 30,18 30,28 99,00 0,000 1 0 0,00 22 TotalConcMeas 1 0,00
26.11.2014 19:58:07  41969,83203 7961 12,0 3003 30,18 30,28 99,00 0,000 1 0 0,00 22 TotalConcMeas 1 0,00
26.11.2014 19:58:08  41969,83205 7961 12,0 3003 30,18 30,28 99,00 0,000 1 0 0,00 22 TotalConcMeas 1 0,00
26.11.2014 19:58:09  41969,83206 7961 12,0 3003 30,18 30,28 99,00 0,000 1 0 0,00 22 TotalConcMeas 1 0,00
26.11.2014 19:58:10  41969,83207 7961 12,0 3003 30,18 30,28 99,00 0,000 1 0 0,00 22 TotalConcMeas 1 0,00
26.11.2014 19:58:11  41969,83208 7961 12,0 3003 30,18 30,28 99,00 0,000 1 0 0,00 22 TotalConcMeas 1 0,00
26.11.2014 19:58:12  41969,83209 7961 12,0 3003 30,18 30,28 99,00 0,000 1 0 0,00 22 TotalConcMeas 1 0,00
26.11.2014 19:58:13  41969,83211 7961 12,0 3003 30,18 30,28 99,00 0,000 1 0 0,00 22 TotalConcMeas 1 0,00
26.11.2014 19:58:14  41969,83212 7961 12,0 3003 30,18 30,28 99,00 0,000 1 0 0,00 22 TotalConcMeas 1 0,00
26.11.2014 19:58:16  41969,83213 7961 12,0 3003 30,18 30,28 99,00 0,000 1 0 0,00 22 TotalConcMeas 1 0,00
26.11.2014 19:58:17  41969,83214 7961 12,0 3003 30,18 30,28 99,00 0,000 1 0 0,00 22 TotalConcMeas 1 0,00
26.11.2014 19:58:18  41969,83215 7961 12,0 3003 30,18 30,28 99,00 0,000 1 0 0,00 22 TotalConcMeas 1 0,00
26.11.2014 19:58:19  41969,83217 7961 12,0 3003 30,18 30,28 99,00 0,000 1 0 0,00 22 TotalConcMeas 1 0,00
26.11.2014 19:58:20  41969,83218 7961 12,0 3003 30,18 30,28 99,00 0,000 1 0 0,00 22 TotalConcMeas 1 0,00
26.11.2014 19:58:21  41969,83219 7961 12,0 3003 30,18 30,28 99,00 0,000 1 0 0,00 22 TotalConcMeas 1 0,00
26.11.2014 19:58:22  41969,83220 7961 12,0 3003 30,18 30,28 99,00 0,000 1 0 0,00 22 TotalConcMeas 1 0,00
26.11.2014 19:58:23  41969,83221 7961 12,0 3003 30,18 30,28 99,00 0,000 1 0 0,00 22 TotalConcMeas 1 0,00
26.11.2014 19:58:24  41969,83222 7961 12,0 3003 30,18 30,28 99,00 0,000 1 0 0,00 22 TotalConcMeas 1 0,00
26.11.2014 19:58:25  41969,83224 7961 12,0 3003 30,18 30,28 99,00 0,000 1 0 0,00 22 TotalConcMeas 1 0,00
26.11.2014 19:58:26  41969,83225 7961 12,0 3003 30,18 30,28 99,00 0,000 1 0 0,00 22 TotalConcMeas 1 0,00
26.11.2014 19:58:27  41969,83226 7961 12,0 3003 30,18 30,28 99,00 0,000 1 0 0,00 22 TotalConcMeas 1 0,00
26.11.2014 19:58:28  41969,83227 7961 12,0 3003 30,18 30,28 99,00 0,000 1 0 0,00 22 TotalConcMeas 1 0,00
26.11.2014 19:58:29  41969,83228 7961 12,0 3003 30,18 30,28 99,00 0,000 1 0 0,00 22 TotalConcMeas 1 0,00
26.11.2014 19:58:30  41969,83230 7961 12,0 3003 30,18 30,28 99,00 0,000 1 0 0,00 22 TotalConcMeas 1 0,00
26.11.2014 19:58:31  41969,83231 7961 12,0 3003 30,18 30,28 99,00 0,000 1 0 0,00 22 TotalConcMeas 1 0,00
26.11.2014 19:58:32  41969,83232 7961 12,0 3003 30,18 30,28 99,00 0,000 1 0 0,00 22 TotalConcMeas 1 0,00
26.11.2014 19:58:33  41969,83233 7961 12,0 3003 30,18 30,28 99,00 0,000 1 0 0,00 22 TotalConcMeas 1 0,00
26.11.2014 19:58:34  41969,83234 7961 12,0 3003 30,18 30,28 99,00 0,000 1 0 0,00 22 TotalConcMeas 1 0,00
26.11.2014 19:58:35  41969,83236 7961 12,0 3003 30,18 30,28 99,00 0,000 1 0 0,00 22 TotalConcMeas 1 0,00
26.11.2014 19:58:36  41969,83237 7961 12,0 3003 30,18 30,28 99,00 0,000 1 0 0,00 22 TotalConcMeas 1 0,00
26.11.2014 19:58:37  41969,83238 7961 12,0 3003 30,18 30,28 99,00 0,000 1 0 0,00 22 TotalConcMeas 1 0,00
26.11.2014 19:58:38  41969,83239 7961 12,0 3003 30,18 30,28 99,00 0,000 1 0 0,00 22 TotalConcMeas 1 0,00
26.11.2014 19:58:39  41969,83240 7961 12,0 3003 30,18 30,28 99,00 0,000 1 0 0,00 22 TotalConcMeas 1 0,00
26.11.2014 19:58:40  41969,83242 7961 12,0 3003 30,18 30,28 99,00 0,000 1 0 0,00 22 TotalConcMeas 1 0,00
26.11.2014 19:58:41  41969,83243 7961 12,0 3003 30,18 30,28 99,00 0,000 1 0 0,00 22 TotalConcMeas 1 0,00
26.11.2014 19:58:42  41969,83244 7961 12,0 3003 30,18 30,28 99,00 0,000 1 0 0,00 22 TotalConcMeas 1 0,00
26.11.2014 19:58:43  41969,83245 7961 12,0 3003 30,18 30,28 99,00 0,000 1 0 0,00 22 TotalConcMeas 1 0,00
26.11.2014 19:58:44  41969,83246 7961 12,0 3003 30,18 30,28 99,00 0,000 1 0 0,00 22 TotalConcMeas 1 0,00
26.11.2014 19:58:45  41969,83248 7961 12,0 3003 30,18 30,28 99,00 0,000 1 0 0,00 22 TotalConcMeas 1 0,00
26.11.2014 19:58:46  41969,83249 7961 12,0 3003 30,18 30,28 99,00 0,000 1 0 0,00 -1  1 0,00
26.11.2014 19:58:47  41969,83250 7961 12,0 3003 30,18 30,28 99,00 0,000 1 0 0,00 22 TotalConcMeas 1 0,00
26.11.2014 19:58:48  41969,83251 7961 12,0 3003 30,18 30,28 99,00 0,000 1 0 0,00 22 TotalConcMeas 1 0,00
26.11.2014 19:58:49  41969,83252 7961 12,0 3003 30,18 30,28 99,00 0,000 1 0 0,00 22 TotalConcMeas 1 0,00
26.11.2014 19:58:51  41969,83254 7961 12,0 3003 30,18 30,28 99,00 0,000 1 0 0,00 22 TotalConcMeas 1 0,00
26.11.2014 19:58:52  41969,83255 7961 12,0 3003 30,18 30,28 99,00 0,000 1 0 0,00 22 TotalConcMeas 1 0,00
26.11.2014 19:58:53  41969,83256 7961 12,0 3003 30,18 30,28 99,00 0,000 1 0 0,00 22 TotalConcMeas 1 0,00
26.11.2014 19:58:54  41969,83257 7961 12,0 3003 30,18 30,28 99,00 0,000 1 0 0,00 22 TotalConcMeas 1 0,00
26.11.2014 19:58:55  41969,83258 7961 12,0 3003 30,18 30,28 99,00 0,000 1 0 0,00 22 TotalConcMeas 1 0,00
26.11.2014 19:58:56  41969,83259 7961 12,0 3003 30,18 30,28 99,00 0,000 1 0 0,00 22 TotalConcMeas 1 0,00
26.11.2014 19:58:57  41969,83261 7961 12,0 3003 30,18 30,28 99,00 0,000 1 0 0,00 22 TotalConcMeas 1 0,00
26.11.2014 19:58:58  41969,83262 7961 12,0 3003 30,18 30,28 99,00 0,000 1 0 0,00 22 TotalConcMeas 1 0,00
26.11.2014 19:58:59  41969,83263 7961 12,0 3003 30,18 30,28 99,00 0,000 1 0 0,00 22 TotalConcMeas 1 0,00
26.11.2014 19:59:00  41969,83264 7961 12,0 3003 30,18 30,28 99,00 0,000 1 0 0,00 22 TotalConcMeas 1 0,00
26.11.2014 19:59:01  41969,83265 7961 12,0 3003 30,18 30,28 99,00 0,000 1 0 0,00 22 TotalConcMeas 1 0,00
26.11.2014 19:59:02  41969,83267 7961 12,0 3003 30,18 30,28 99,00 0,000 1 0 0,00 22 TotalConcMeas 1 0,00
26.11.2014 19:59:03  41969,83268 7961 12,0 3003 30,18 30,28 99,00 0,000 1 0 0,00 22 TotalConcMeas 1 0,00
26.11.2014 19:59:04  41969,83269 7961 12,0 3003 30,18 30,28 99,00 0,000 1 0 0,00 22 TotalConcMeas 1 0,00
26.11.2014 19:59:05  41969,83270 7961 12,0 3003 30,18 30,28 99,00 0,000 1 0 0,00 22 TotalConcMeas 1 0,00
26.11.2014 19:59:06  41969,83271 7961 12,0 3003 30,18 30,28 99,00 0,000 1 0 0,00 22 TotalConcMeas 1 0,00
26.11.2014 19:59:07  41969,83273 7961 12,0 3003 30,18 30,28 99,00 0,000 1 0 0,00 22 TotalConcMeas 1 0,00
26.11.2014 19:59:08  41969,83274 7961 12,0 3003 30,18 30,28 99,00 0,000 1 0 0,00 22 TotalConcMeas 1 0,00
26.11.2014 19:59:09  41969,83275 7961 12,0 3003 30,18 30,28 99,00 0,000 1 0 0,00 22 TotalConcMeas 1 0,00
26.11.2014 20:27:04           
26.11.2014 20:27:06  41969,85216 7961 12,0 3003 30,18 30,28 99,00 0,000 1 0 0,00 -1  1 0,00
26.11.2014 20:27:11  41969,85221 7961 12,0 3003 30,18 30,28 100,00 0,707 1 0 0,00 -1  1 0,00
26.11.2014 20:27:12  41969,85223 7961 12,0 3003 30,18 30,28 100,00 0,577 1 0 0,00 -1  1 0,00
26.11.2014 20:27:13  41969,85224 7961 12,0 3003 30,18 30,28 100,00 0,500 1 0 0,00 33 CellOff 1 0,00
26.11.2014 20:27:14  41969,85225 7961 12,0 3003 30,18 30,28 100,00 0,447 1 0 0,00 33 CellOff 1 0,00
26.11.2014 20:27:15  41969,85226 7961 12,0 3003 30,18 30,28 100,00 0,000 1 0 0,00 33 CellOff 1 0,00
26.11.2014 20:27:16  41969,85227 7961 12,0 3003 30,18 30,28 100,00 0,000 1 0 0,00 33 CellOff 1 0,00
26.11.2014 20:27:17  41969,85229 7961 12,0 3003 30,18 30,28 100,00 0,000 1 0 0,00 33 CellOff 1 0,00
26.11.2014 20:27:18  41969,85230 7961 12,0 3003 30,18 30,28 100,00 0,000 1 0 0,00 33 CellOff 1 0,00
26.11.2014 20:27:19  41969,85231 7961 12,0 3003 30,18 30,28 100,00 0,000 1 0 0,00 33 CellOff 1 0,00
26.11.2014 20:27:20  41969,85232 7961 12,0 3003 30,18 30,28 100,00 0,000 1 0 0,00 -1  1 0,00
26.11.2014 20:27:21  41969,85233 7961 12,0 3003 30,18 30,28 100,00 0,000 1 0 0,00 -1  1 0,00
26.11.2014 20:27:22  41969,85235 7961 12,0 3003 30,18 30,28 100,00 0,000 1 0 0,00 -1  1 0,00
26.11.2014 20:27:23  41969,85236 7961 12,0 3003 30,18 30,28 100,00 0,000 1 0 0,00 -1  1 0,00
26.11.2014 20:27:24  41969,85237 7961 12,0 3003 30,18 30,28 100,00 0,000 1 0 0,00 -1  1 0,00
26.11.2014 20:27:25  41969,85238 7961 12,0 3003 30,18 30,28 100,00 0,000 1 0 0,00 -1  1 0,00
26.11.2014 20:27:27  41969,85240 7961 12,0 3003 30,18 30,28 100,00 0,000 1 0 0,00 9 ZeroDelayStart 1 0,00
26.11.2014 20:27:28  41969,85241 7961 12,0 3003 30,18 30,28 100,00 0,000 1 0 0,00 9 ZeroDelayStart 1 0,00
26.11.2014 20:27:29  41969,85242 7961 12,0 3003 30,18 30,28 100,00 0,000 1 0 0,00 9 ZeroDelayStart 1 0,00
26.11.2014 20:27:30  41969,85243 7961 12,0 3003 30,18 30,28 100,00 0,000 1 0 0,00 9 ZeroDelayStart 1 0,00
26.11.2014 20:27:31  41969,85244 7961 12,0 3003 30,18 30,28 100,00 0,000 1 0 0,00 9 ZeroDelayStart 1 0,00
26.11.2014 20:27:32  41969,85246 7961 12,0 3003 30,18 30,28 100,00 0,000 1 0 0,00 9 ZeroDelayStart 1 0,00
26.11.2014 20:27:33  41969,85247 7961 12,0 3003 30,18 30,28 100,00 0,000 1 0 0,00 9 ZeroDelayStart 1 0,00
26.11.2014 20:27:34  41969,85248 7961 12,0 3003 30,18 30,28 100,00 0,000 1 0 0,00 9 ZeroDelayStart 1 0,00
26.11.2014 20:27:35  41969,85249 7961 12,0 3003 30,18 30,28 100,00 0,000 1 0 0,00 9 ZeroDelayStart 1 0,00
26.11.2014 20:27:36  41969,85250 7961 12,0 3003 30,18 30,28 100,00 0,000 1 0 0,00 9 ZeroDelayStart 1 0,00
26.11.2014 20:27:37  41969,85252 7961 12,0 3003 30,18 30,28 100,00 0,000 1 0 0,00 9 ZeroDelayStart 1 0,00
26.11.2014 20:27:38  41969,85253 7961 12,0 3003 30,18 30,28 100,00 0,000 1 0 0,00 9 ZeroDelayStart 1 0,00
26.11.2014 20:27:39  41969,85254 7961 12,0 3003 30,18 30,28 100,00 0,000 1 0 0,00 9 ZeroDelayStart 1 0,00
26.11.2014 20:27:40  41969,85255 7961 12,0 3003 30,18 30,28 100,00 0,000 1 0 0,00 9 ZeroDelayStart 1 0,00
26.11.2014 20:27:41  41969,85256 7961 12,0 3003 30,18 30,28 100,00 0,000 1 0 0,00 9 ZeroDelayStart 1 0,00
26.11.2014 20:27:42  41969,85258 7961 12,0 3003 30,18 30,28 100,00 0,000 1 0 0,00 9 ZeroDelayStart 1 0,00
26.11.2014 20:27:43  41969,85259 7961 12,0 3003 30,18 30,28 100,00 0,000 1 0 0,00 9 ZeroDelayStart 1 0,00
26.11.2014 20:27:44  41969,85260 7961 12,0 3003 30,18 30,28 100,00 0,000 1 0 0,00 9 ZeroDelayStart 1 0,00
26.11.2014 20:27:45  41969,85261 7961 12,0 3003 30,18 30,28 100,00 0,000 1 0 0,00 9 ZeroDelayStart 1 0,00
26.11.2014 20:27:46  41969,85263 7961 12,0 3003 30,18 30,28 100,00 0,000 1 0 0,00 9 ZeroDelayStart 1 0,00
26.11.2014 20:27:47  41969,85264 7961 12,0 3003 30,18 30,28 100,00 0,000 1 0 0,00 9 ZeroDelayStart 1 0,00
26.11.2014 20:27:48  41969,85265 7961 12,0 3003 30,18 30,28 100,00 0,000 1 0 0,00 9 ZeroDelayStart 1 0,00
26.11.2014 20:32:16           
26.11.2014 20:32:18  41969,85577 7961 12,0 3003 30,18 30,28 100,00 0,000 1 0 0,00 -1  1 0,00
26.11.2014 20:32:23  41969,85582 7961 12,0 3003 30,18 30,28 100,00 0,000 1 0 0,00 -1  1 0,00
26.11.2014 20:32:24  41969,85584 7961 12,0 3003 30,18 30,28 100,00 0,000 1 0 0,00 -1  1 0,00
26.11.2014 20:32:25  41969,85585 7961 12,0 3003 30,18 30,28 100,00 0,000 1 0 0,00 33 CellOff 1 0,00
26.11.2014 20:32:26  41969,85586 7961 12,0 3003 30,18 30,28 100,00 0,000 1 0 0,00 33 CellOff 1 0,00
26.11.2014 20:32:27  41969,85587 7961 12,0 3003 30,18 30,28 100,00 0,000 1 0 0,00 33 CellOff 1 0,00
26.11.2014 20:32:28  41969,85589 7961 12,0 3003 30,18 30,28 100,00 0,000 1 0 0,00 33 CellOff 1 0,00
26.11.2014 20:32:29  41969,85590 7961 12,0 3003 30,18 30,28 100,00 0,000 1 0 0,00 33 CellOff 1 0,00
26.11.2014 20:32:30  41969,85591 7961 12,0 3003 30,18 30,28 100,00 0,000 1 0 0,00 33 CellOff 1 0,00
26.11.2014 20:32:31  41969,85592 7961 12,0 3003 30,18 30,28 100,00 0,000 1 0 0,00 33 CellOff 1 0,00
26.11.2014 20:32:32  41969,85593 7961 12,0 3003 30,18 30,28 100,00 0,000 1 0 0,00 -1  1 0,00
26.11.2014 20:32:33  41969,85594 7961 12,0 3003 30,18 30,28 100,00 0,000 1 0 0,00 -1  1 0,00
26.11.2014 20:32:34  41969,85596 7961 12,0 3003 30,18 30,28 100,00 0,000 1 0 0,00 -1  1 0,00
26.11.2014 20:32:35  41969,85597 7961 12,0 3003 30,18 30,28 100,00 0,000 1 0 0,00 -1  1 0,00
26.11.2014 20:32:36  41969,85598 7961 12,0 3003 30,18 30,28 100,00 0,000 1 0 0,00 -1  1 0,00
26.11.2014 20:32:38  41969,85600 7961 12,0 3003 30,18 30,28 100,00 0,000 1 0 0,00 -1  1 0,00
26.11.2014 20:32:39  41969,85601 7961 12,0 3003 30,18 30,28 100,00 0,000 1 0 0,00 9 ZeroDelayStart 1 0,00
26.11.2014 20:32:40  41969,85602 7961 12,0 3003 30,18 30,28 100,00 0,000 1 0 0,00 9 ZeroDelayStart 1 0,00
26.11.2014 20:32:41  41969,85603 7961 12,0 3003 30,18 30,28 100,00 0,000 1 0 0,00 9 ZeroDelayStart 1 0,00
