03.10.2014 18:46:43           
03.10.2014 18:46:44  41915,78246 16041 2,6 4095 -273,15 -273,15 -660,07 0,000 1 1 -69,82 -1  1 0,00
03.10.2014 18:46:48  41915,78250 16043 2,6 4095 -273,15 -273,15 -660,07 0,000 1 1 -69,49 -1  1 0,00
03.10.2014 18:46:49  41915,78251 16043 2,6 4095 -273,15 -273,15 -660,07 0,000 1 1 0,22 -1  1 0,00
03.10.2014 18:46:50  41915,78253 16043 2,6 4095 -273,15 -273,11 -660,07 0,000 1 1 0,16 33 CellOff 1 0,00
03.10.2014 18:46:51  41915,78254 16043 2,6 4095 -273,15 -273,15 -660,07 0,000 1 1 0,22 33 CellOff 1 0,00
03.10.2014 18:46:52  41915,78255 16043 2,6 4095 -273,15 -273,15 -660,07 0,000 1 1 0,33 33 CellOff 1 0,00
03.10.2014 18:46:53  41915,78256 16044 2,6 4095 -273,15 -273,15 -660,07 0,000 1 1 0,44 33 CellOff 1 0,00
03.10.2014 18:46:54  41915,78258 16044 2,6 4095 -273,15 -273,15 -660,07 0,000 1 1 0,33 33 CellOff 1 0,00
03.10.2014 18:46:55  41915,78259 16043 2,6 4095 -273,15 -273,15 -660,07 0,000 1 1 0,22 33 CellOff 1 0,00
03.10.2014 18:46:56  41915,78260 16043 2,6 4095 -273,15 -273,15 -660,07 0,000 1 1 0,33 33 CellOff 1 0,00
03.10.2014 18:46:57  41915,78261 16044 2,6 4095 -273,15 -273,15 -660,07 0,000 1 1 0,44 -1  1 0,00
03.10.2014 18:46:59  41915,78263 16043 2,6 4095 -273,15 -273,15 -660,07 0,000 1 1 0,33 -1  1 0,00
03.10.2014 18:47:00  41915,78265 16043 2,6 4095 -273,15 -273,15 -660,07 0,000 1 1 0,11 0 StartBlockReset 1 0,00
03.10.2014 18:47:01  41915,78266 16044 2,6 4095 -273,15 -273,15 -660,07 0,000 1 1 0,33 0 StartBlockReset 1 0,00
03.10.2014 18:47:02  41915,78267 16043 2,6 4095 -273,15 -273,06 -660,07 0,000 1 1 0,27 0 StartBlockReset 1 0,00
03.10.2014 18:47:03  41915,78268 16043 2,6 4095 -273,15 -273,15 -660,07 0,000 1 1 0,33 0 StartBlockReset 1 0,00
03.10.2014 18:47:04  41915,78269 16043 2,6 4095 -273,15 -273,15 -660,07 0,000 1 1 0,22 0 StartBlockReset 1 0,00
03.10.2014 18:47:05  41915,78270 16043 2,6 4095 -273,15 -273,15 -660,07 0,000 1 1 0,38 0 StartBlockReset 1 0,00
03.10.2014 18:47:06  41915,78272 16043 2,6 4095 -273,15 -273,15 -660,07 0,000 1 1 0,17 0 StartBlockReset 1 0,00
03.10.2014 18:47:07  41915,78273 16042 2,6 4095 -273,15 -273,15 -660,07 0,000 1 1 0,11 0 StartBlockReset 1 0,00
03.10.2014 18:47:08  41915,78274 16043 2,6 4095 -273,15 -273,15 -660,07 0,000 1 1 0,22 0 StartBlockReset 1 0,00
03.10.2014 18:47:09  41915,78275 16043 2,6 4095 -273,15 -273,15 -660,07 0,000 1 1 0,33 0 StartBlockReset 1 0,00
03.10.2014 18:47:11  41915,78278 0 0,0 0 0,00 0,00 0,00 0,000 0 0 0,00 -1  1 0,00
03.10.2014 18:47:12  41915,78279 16042 2,6 4095 -273,15 -273,15 -660,07 0,000 1 1 0,00 33 CellOff 1 0,00
03.10.2014 18:47:14  41915,78280 16042 2,6 4095 -273,15 -273,15 -660,07 0,000 1 1 0,11 33 CellOff 1 0,00
03.10.2014 18:47:15  41915,78281 16042 2,6 4095 -273,15 -273,15 -660,07 0,000 1 1 0,05 33 CellOff 1 0,00
03.10.2014 18:47:16  41915,78282 16042 2,6 4095 -273,15 -273,15 -660,07 0,000 1 1 0,00 33 CellOff 1 0,00
03.10.2014 18:47:17  41915,78284 16042 2,6 4095 -273,15 -273,15 -660,07 0,000 1 1 -0,11 33 CellOff 1 0,00
03.10.2014 18:47:18  41915,78285 16042 2,6 4095 -273,15 -273,15 -660,07 0,000 1 1 0,00 33 CellOff 1 0,00
03.10.2014 18:47:19  41915,78286 16042 2,6 4095 -273,15 -273,15 -660,07 0,000 1 1 0,11 33 CellOff 1 0,00
03.10.2014 18:47:20  41915,78287 16042 2,6 4095 -273,15 -273,15 -660,07 0,000 1 1 0,11 -1  1 0,00
03.10.2014 18:47:22  41915,78290 16042 2,6 4095 -273,15 -273,15 -660,07 0,000 1 1 0,00 -1  1 0,00
03.10.2014 18:47:23  41915,78291 16042 2,6 4095 -273,15 -273,15 -660,07 0,000 1 1 0,00 0 StartBlockReset 1 0,00
03.10.2014 18:47:24  41915,78293 16042 2,6 4095 -273,15 -273,15 -660,07 0,000 1 1 0,00 0 StartBlockReset 1 0,00
03.10.2014 18:47:25  41915,78294 16042 2,6 4095 -273,15 -273,15 -660,07 0,000 1 1 0,00 0 StartBlockReset 1 0,00
03.10.2014 18:47:26  41915,78295 16042 2,6 4095 -273,15 -273,15 -660,07 0,000 1 1 0,11 0 StartBlockReset 1 0,00
03.10.2014 18:47:27  41915,78296 16043 2,6 4095 -273,15 -273,15 -660,07 0,000 1 1 0,22 0 StartBlockReset 1 0,00
03.10.2014 18:47:28  41915,78297 16043 2,6 4095 -273,15 -273,15 -660,07 0,000 1 1 0,16 0 StartBlockReset 1 0,00
03.10.2014 18:47:29  41915,78299 16042 2,6 4095 -273,15 -273,15 -660,07 0,000 1 1 0,22 0 StartBlockReset 1 0,00
03.10.2014 18:47:30  41915,78300 16042 2,6 4095 -273,15 -273,15 -660,07 0,000 1 1 0,11 0 StartBlockReset 1 0,00
03.10.2014 18:47:31  41915,78301 16042 2,6 4095 -273,15 -273,15 -660,07 0,000 1 1 -0,11 0 StartBlockReset 1 0,00
03.10.2014 18:47:32  41915,78302 16042 2,6 4095 -273,15 -273,15 -660,07 0,000 1 1 0,11 0 StartBlockReset 1 0,00
03.10.2014 18:47:35  41915,78304 0 0,0 0 0,00 0,00 0,00 0,000 0 0 0,00 -1  1 0,00
03.10.2014 18:47:36  41915,78306 16040 2,6 4095 -273,15 -273,15 -660,07 0,000 1 1 -0,72 33 CellOff 1 0,00
03.10.2014 18:47:37  41915,78307 16043 2,6 4095 -273,15 -273,15 -660,07 0,000 1 1 0,22 33 CellOff 1 0,00
03.10.2014 18:47:38  41915,78308 16042 2,6 4095 -273,15 -273,15 -660,07 0,000 1 1 -0,11 33 CellOff 1 0,00
03.10.2014 18:47:39  41915,78309 16042 2,6 4095 -273,15 -273,15 -660,07 0,000 1 1 0,00 33 CellOff 1 0,00
03.10.2014 18:47:40  41915,78310 16042 2,6 4095 -273,15 -273,15 -660,07 0,000 1 1 0,00 33 CellOff 1 0,00
03.10.2014 18:47:41  41915,78312 16042 2,6 4095 -273,15 -273,15 -660,07 0,000 1 1 0,16 33 CellOff 1 0,00
03.10.2014 18:47:42  41915,78313 16042 2,6 4095 -273,15 -273,15 -660,07 0,000 1 1 0,00 33 CellOff 1 0,00
03.10.2014 18:47:43  41915,78314 16042 2,6 4095 -273,15 -273,15 -660,07 0,000 1 1 0,11 -1  1 0,00
03.10.2014 18:47:45  41915,78317 16042 2,6 4095 -273,15 -273,15 -660,07 0,000 1 1 0,11 -1  1 0,00
03.10.2014 18:47:46  41915,78318 16043 2,6 4095 -273,15 -273,15 -660,07 0,000 1 1 0,22 0 StartBlockReset 1 0,00
03.10.2014 18:47:47  41915,78319 16042 2,6 4095 -273,15 -273,15 -660,07 0,000 1 1 0,00 0 StartBlockReset 1 0,00
03.10.2014 18:47:48  41915,78320 16042 2,6 4095 -273,15 -273,15 -660,07 0,000 1 1 -0,11 0 StartBlockReset 1 0,00
03.10.2014 18:47:49  41915,78322 16042 2,6 4095 -273,15 -273,15 -660,07 0,000 1 1 -0,11 0 StartBlockReset 1 0,00
03.10.2014 18:47:50  41915,78323 16042 2,6 4095 -273,15 -273,15 -660,07 0,000 1 1 -0,11 0 StartBlockReset 1 0,00
03.10.2014 18:47:51  41915,78324 16042 2,6 4095 -273,15 -273,15 -660,07 0,000 1 1 0,00 0 StartBlockReset 1 0,00
03.10.2014 18:47:52  41915,78325 16041 2,6 4095 -273,15 -273,15 -660,07 0,000 1 1 -0,22 0 StartBlockReset 1 0,00
03.10.2014 18:47:53  41915,78326 16042 2,6 4095 -273,15 -273,15 -660,07 0,000 1 1 -0,22 0 StartBlockReset 1 0,00
03.10.2014 18:47:54  41915,78327 16041 2,6 4095 -273,15 -273,15 -660,07 0,000 1 1 -0,39 0 StartBlockReset 1 0,00
03.10.2014 18:47:55  41915,78329 16042 2,6 4095 -273,15 -273,15 -660,07 0,000 1 1 0,00 0 StartBlockReset 1 0,00
03.10.2014 18:47:58  41915,78331 0 0,0 0 0,00 0,00 0,00 0,000 0 0 0,00 -1  1 0,00
03.10.2014 18:47:59  41915,78332 16042 2,6 4095 -273,15 -273,15 -660,07 0,000 1 1 -0,17 33 CellOff 1 0,00
03.10.2014 18:48:00  41915,78334 16042 2,6 4095 -273,15 -273,15 -660,07 0,000 1 1 0,00 33 CellOff 1 0,00
03.10.2014 18:48:01  41915,78335 16041 2,6 4095 -273,15 -273,15 -660,07 0,000 1 1 -0,12 33 CellOff 1 0,00
03.10.2014 18:48:02  41915,78336 16041 2,6 4095 -273,15 -273,15 -660,07 0,000 1 1 -0,12 33 CellOff 1 0,00
03.10.2014 18:48:03  41915,78337 16042 2,6 4095 -273,15 -273,15 -660,07 0,000 1 1 -0,33 33 CellOff 1 0,00
03.10.2014 18:48:04  41915,78338 16041 2,6 4095 -273,15 -273,15 -660,07 0,000 1 1 -0,22 33 CellOff 1 0,00
03.10.2014 18:48:05  41915,78339 16042 2,6 4095 -273,15 -273,15 -660,07 0,000 1 1 -0,17 33 CellOff 1 0,00
03.10.2014 18:48:06  41915,78341 16041 2,6 4095 -273,15 -273,15 -660,07 0,000 1 1 -0,12 -1  1 0,00
03.10.2014 18:48:09  41915,78344 16039 2,6 4095 -273,15 -273,11 -660,07 0,000 1 1 -0,94 -1  1 0,00
03.10.2014 18:48:10  41915,78345 16042 2,6 4095 -273,15 -273,15 -660,07 0,000 1 1 0,00 0 StartBlockReset 1 0,00
03.10.2014 18:48:11  41915,78346 16042 2,6 4095 -273,15 -273,15 -660,07 0,000 1 1 0,05 0 StartBlockReset 1 0,00
03.10.2014 18:48:12  41915,78347 16042 2,6 4095 -273,15 -273,15 -660,07 0,000 1 1 -0,22 0 StartBlockReset 1 0,00
03.10.2014 18:48:13  41915,78349 16042 2,6 4095 -273,15 -273,15 -660,07 0,000 1 1 -0,11 0 StartBlockReset 1 0,00
03.10.2014 18:48:14  41915,78350 16042 2,6 4095 -273,15 -273,15 -660,07 0,000 1 1 0,11 0 StartBlockReset 1 0,00
03.10.2014 18:48:15  41915,78351 16042 2,6 4095 -273,15 -273,15 -660,07 0,000 1 1 -0,06 0 StartBlockReset 1 0,00
03.10.2014 18:48:16  41915,78352 16042 2,6 4095 -273,15 -273,15 -660,07 0,000 1 1 0,00 0 StartBlockReset 1 0,00
03.10.2014 18:48:17  41915,78353 16043 2,6 4095 -273,15 -273,15 -660,07 0,000 1 1 0,16 0 StartBlockReset 1 0,00
03.10.2014 18:48:18  41915,78355 16042 2,6 4095 -273,15 -273,15 -660,07 0,000 1 1 0,11 0 StartBlockReset 1 0,00
03.10.2014 18:48:19  41915,78356 16041 2,6 4095 -273,15 -273,15 -660,07 0,000 1 1 -0,01 0 StartBlockReset 1 0,00
03.10.2014 18:48:20  41915,78357 16042 2,6 4095 -273,15 -273,15 -660,07 0,000 1 1 0,05 -1  1 0,00
03.10.2014 18:48:21  41915,78358 16042 2,6 4095 -273,15 -273,15 -660,07 0,000 1 1 -0,11 33 CellOff 1 0,00
03.10.2014 18:48:22  41915,78360 16042 2,6 4095 -273,15 -273,15 -660,07 0,000 1 1 -0,11 33 CellOff 1 0,00
03.10.2014 18:48:23  41915,78361 16043 2,6 4095 -273,15 -273,15 -660,07 0,000 1 1 0,11 33 CellOff 1 0,00
03.10.2014 18:48:24  41915,78362 16043 2,6 4095 -273,15 -273,15 -660,07 0,000 1 1 0,11 33 CellOff 1 0,00
03.10.2014 18:48:25  41915,78363 16042 2,6 4095 -273,15 -273,15 -660,07 0,000 1 1 0,11 33 CellOff 1 0,00
03.10.2014 18:48:26  41915,78364 16042 2,6 4095 -273,15 -273,15 -660,07 0,000 1 1 0,11 33 CellOff 1 0,00
03.10.2014 18:48:27  41915,78365 16043 2,6 4095 -273,15 -273,15 -660,07 0,000 1 1 0,22 33 CellOff 1 0,00
03.10.2014 18:48:28  41915,78367 16043 2,6 4095 -273,15 -273,15 -660,07 0,000 1 1 0,17 -1  1 0,00
03.10.2014 18:48:31  41915,78370 16043 2,6 4095 -273,15 -273,15 -660,07 0,000 1 1 0,22 -1  1 0,00
03.10.2014 18:48:32  41915,78371 16043 2,6 4095 -273,15 -273,15 -660,07 0,000 1 1 0,11 0 StartBlockReset 1 0,00
03.10.2014 18:48:33  41915,78372 16043 2,6 4095 -273,15 -273,15 -660,07 0,000 1 1 0,22 0 StartBlockReset 1 0,00
03.10.2014 18:48:34  41915,78373 16042 2,6 4095 -273,06 -273,15 -660,07 0,000 1 1 0,22 0 StartBlockReset 1 0,00
03.10.2014 18:48:35  41915,78375 16043 2,6 4095 -273,15 -273,15 -660,07 0,000 1 1 0,22 0 StartBlockReset 1 0,00
03.10.2014 18:48:36  41915,78376 16043 2,6 4095 -273,15 -273,15 -660,07 0,000 1 1 0,33 0 StartBlockReset 1 0,00
03.10.2014 18:48:37  41915,78377 16042 2,6 4095 -273,15 -273,15 -660,07 0,000 1 1 0,11 0 StartBlockReset 1 0,00
03.10.2014 18:48:38  41915,78378 16042 2,6 4095 -273,15 -273,15 -660,07 0,000 1 1 0,11 0 StartBlockReset 1 0,00
03.10.2014 18:48:39  41915,78379 16042 2,6 4095 -273,15 -273,15 -660,07 0,000 1 1 0,00 0 StartBlockReset 1 0,00
03.10.2014 18:48:40  41915,78381 16042 2,6 4095 -273,15 -273,15 -660,07 0,000 1 1 0,11 0 StartBlockReset 1 0,00
03.10.2014 18:48:41  41915,78382 16042 2,6 4095 -273,15 -273,15 -660,07 0,000 1 1 0,00 0 StartBlockReset 1 0,00
03.10.2014 18:48:43  41915,78384 0 0,0 0 0,00 0,00 0,00 0,000 0 0 0,00 -1  1 0,00
03.10.2014 18:48:45  41915,78386 16040 2,6 4095 -273,15 -273,15 -660,07 0,000 1 1 -1,16 33 CellOff 1 0,00
03.10.2014 18:48:46  41915,78387 16041 2,6 4095 -273,15 -273,15 -660,07 0,000 1 1 -0,22 33 CellOff 1 0,00
03.10.2014 18:48:47  41915,78388 16041 2,6 4095 -273,15 -273,15 -660,07 0,000 1 1 -0,22 33 CellOff 1 0,00
03.10.2014 18:48:48  41915,78389 16041 2,6 4095 -273,15 -273,15 -660,07 0,000 1 1 -0,22 33 CellOff 1 0,00
03.10.2014 18:48:49  41915,78390 16041 2,6 4095 -273,15 -273,15 -660,07 0,000 1 1 -0,33 33 CellOff 1 0,00
03.10.2014 18:48:50  41915,78391 16041 2,6 4095 -273,15 -273,15 -660,07 0,000 1 1 -0,22 33 CellOff 1 0,00
03.10.2014 18:48:51  41915,78393 16042 2,6 4095 -273,15 -273,15 -660,07 0,000 1 1 0,00 33 CellOff 1 0,00
03.10.2014 18:48:52  41915,78394 16041 2,6 4095 -273,15 -273,15 -660,07 0,000 1 1 -0,33 -1  1 0,00
03.10.2014 18:48:55  41915,78397 16026 2,6 4095 -273,15 -273,06 -660,07 0,000 1 1 -2,31 -1  1 0,00
03.10.2014 18:48:56  41915,78398 16040 2,6 4095 -273,15 -273,15 -660,07 0,000 1 1 -0,67 0 StartBlockReset 1 0,00
03.10.2014 18:48:57  41915,78399 16041 2,6 4095 -273,15 -273,15 -660,07 0,000 1 1 -0,55 0 StartBlockReset 1 0,00
03.10.2014 18:48:58  41915,78401 16040 2,6 4095 -273,15 -273,15 -660,07 0,000 1 1 -0,77 0 StartBlockReset 1 0,00
03.10.2014 18:48:59  41915,78402 16040 2,6 4095 -273,15 -273,15 -660,07 0,000 1 1 -0,77 0 StartBlockReset 1 0,00
03.10.2014 18:49:00  41915,78403 16041 2,6 4095 -273,15 -273,15 -660,07 0,000 1 1 -0,44 0 StartBlockReset 1 0,00
03.10.2014 18:49:01  41915,78404 16040 2,6 4095 -273,15 -273,15 -660,07 0,000 1 1 -0,67 0 StartBlockReset 1 0,00
03.10.2014 18:49:02  41915,78405 16040 2,6 4095 -273,15 -273,15 -660,07 0,000 1 1 -0,61 0 StartBlockReset 1 0,00
03.10.2014 18:49:03  41915,78407 16040 2,6 4095 -273,15 -273,15 -660,07 0,000 1 1 -0,67 0 StartBlockReset 1 0,00
03.10.2014 18:49:04  41915,78408 16040 2,6 4095 -273,15 -273,15 -660,07 0,000 1 1 -0,77 0 StartBlockReset 1 0,00
03.10.2014 18:49:05  41915,78409 16040 2,6 4095 -273,15 -273,15 -660,07 0,000 1 1 -0,72 0 StartBlockReset 1 0,00
03.10.2014 18:49:06  41915,78410 16040 2,6 4095 -273,15 -273,15 -660,07 0,000 1 1 -0,56 -1  1 0,00
03.10.2014 18:49:07  41915,78412 16039 2,6 4095 -273,15 -273,15 -660,07 0,000 1 1 -1,11 33 CellOff 1 0,00
03.10.2014 18:49:08  41915,78413 16041 2,6 4095 -273,15 -273,15 -660,07 0,000 1 1 -0,61 33 CellOff 1 0,00
03.10.2014 18:49:09  41915,78414 16040 2,6 4095 -273,15 -273,15 -660,07 0,000 1 1 -0,77 33 CellOff 1 0,00
03.10.2014 18:49:10  41915,78415 16041 2,6 4095 -273,15 -273,15 -660,07 0,000 1 1 -0,55 33 CellOff 1 0,00
03.10.2014 18:49:11  41915,78416 16041 2,6 4095 -273,15 -273,15 -660,07 0,000 1 1 -0,33 33 CellOff 1 0,00
03.10.2014 18:49:12  41915,78417 16041 2,6 4095 -273,15 -273,15 -660,07 0,000 1 1 -0,50 33 CellOff 1 0,00
03.10.2014 18:49:13  41915,78419 16041 2,6 4095 -273,15 -273,15 -660,07 0,000 1 1 -0,55 33 CellOff 1 0,00
03.10.2014 18:49:14  41915,78420 16041 2,6 4095 -273,15 -273,15 -660,07 0,000 1 1 -0,66 -1  1 0,00
03.10.2014 18:49:17  41915,78423 16029 2,6 4095 -273,11 -273,11 -660,07 0,000 1 1 -0,77 -1  1 0,00
03.10.2014 18:49:18  41915,78424 0 0,0 0 0,00 0,00 0,00 0,000 0 0 0,00 0 StartBlockReset 1 0,00
03.10.2014 18:49:19  41915,78425 0 0,0 0 0,00 0,00 0,00 0,000 0 0 0,00 0 StartBlockReset 1 0,00
03.10.2014 18:49:20  41915,78427 0 0,0 0 0,00 0,00 0,00 0,000 0 0 0,00 0 StartBlockReset 1 0,00
03.10.2014 18:49:21  41915,78428 0 0,0 0 0,00 0,00 0,00 0,000 0 0 0,00 0 StartBlockReset 1 0,00
03.10.2014 18:49:22  41915,78429 0 0,0 0 0,00 0,00 0,00 0,000 0 0 0,00 0 StartBlockReset 1 0,00
03.10.2014 18:49:23  41915,78430 0 0,0 0 0,00 0,00 0,00 0,000 0 0 0,00 0 StartBlockReset 1 0,00
03.10.2014 18:49:24  41915,78431 0 0,0 0 0,00 0,00 0,00 0,000 0 0 0,00 0 StartBlockReset 1 0,00
03.10.2014 18:49:25  41915,78432 16041 2,6 4095 -273,15 -273,15 -660,07 0,000 1 1 -0,39 0 StartBlockReset 1 0,00
03.10.2014 18:49:26  41915,78434 16041 2,6 4095 -273,15 -273,15 -660,07 0,000 1 1 -0,33 0 StartBlockReset 1 0,00
03.10.2014 18:49:27  41915,78435 16041 2,6 4095 -273,15 -273,15 -660,07 0,000 1 1 -0,33 0 StartBlockReset 1 0,00
03.10.2014 18:49:28  41915,78436 16037 2,6 4095 -273,15 -273,15 -660,07 0,000 1 1 -1,12 -1  1 0,00
03.10.2014 18:49:29  41915,78437 16041 2,6 4095 -273,15 -273,15 -660,07 0,000 1 1 -0,28 33 CellOff 1 0,00
03.10.2014 18:49:30  41915,78439 16041 2,6 4095 -273,15 -273,15 -660,07 0,000 1 1 -0,33 33 CellOff 1 0,00
03.10.2014 18:49:31  41915,78440 16042 2,6 4095 -273,15 -273,15 -660,07 0,000 1 1 -0,22 33 CellOff 1 0,00
03.10.2014 18:49:32  41915,78441 16042 2,6 4095 -273,15 -273,15 -660,07 0,000 1 1 0,00 33 CellOff 1 0,00
03.10.2014 18:49:34  41915,78442 16041 2,6 4095 -273,15 -273,15 -660,07 0,000 1 1 -0,33 33 CellOff 1 0,00
03.10.2014 18:49:35  41915,78443 16041 2,6 4095 -273,15 -273,15 -660,07 0,000 1 1 -0,55 33 CellOff 1 0,00
03.10.2014 19:03:51           
03.10.2014 19:03:52  41915,79436 16041 2,6 4095 -273,15 -273,15 -660,07 0,000 1 1 -0,33 -1  1 0,00
03.10.2014 19:03:56  41915,79441 16028 2,6 4095 -273,15 -273,15 -660,07 0,000 1 1 -1,21 -1  1 0,00
03.10.2014 19:03:58  41915,79442 16041 2,6 4095 -273,15 -273,15 -660,07 0,000 1 1 1,10 -1  1 0,00
03.10.2014 19:03:59  41915,79444 16034 2,6 4095 -273,15 -273,15 -660,07 0,000 1 1 -0,52 33 CellOff 1 0,00
03.10.2014 19:04:00  41915,79445 16042 2,6 4095 -273,15 -273,15 -660,07 0,000 1 1 1,21 33 CellOff 1 0,00
03.10.2014 19:04:01  41915,79446 16042 2,6 4095 -273,15 -273,15 -660,07 0,000 1 1 1,32 33 CellOff 1 0,00
03.10.2014 19:04:02  41915,79447 16042 2,6 4095 -273,15 -273,15 -660,07 0,000 1 1 1,21 33 CellOff 1 0,00
03.10.2014 19:04:03  41915,79448 16042 2,6 4095 -273,15 -273,15 -660,07 0,000 1 1 1,21 33 CellOff 1 0,00
03.10.2014 19:04:04  41915,79449 16042 2,6 4095 -273,15 -273,15 -660,07 0,000 1 1 1,21 33 CellOff 1 0,00
03.10.2014 19:04:05  41915,79451 16042 2,6 4095 -273,15 -273,15 -660,07 0,000 1 1 0,99 33 CellOff 1 0,00
03.10.2014 19:04:06  41915,79452 16042 2,6 4095 -273,15 -273,06 -660,07 0,000 1 1 1,21 -1  1 0,00
03.10.2014 19:04:09  41915,79455 16041 2,6 4095 -273,15 -273,15 -660,07 0,000 1 1 0,77 -1  1 0,00
03.10.2014 19:04:10  41915,79456 16042 2,6 4095 -273,15 -273,15 -660,07 0,000 1 1 0,99 0 StartBlockReset 1 0,00
03.10.2014 19:04:11  41915,79457 16042 2,6 4095 -273,15 -273,06 -660,07 0,000 1 1 1,10 0 StartBlockReset 1 0,00
03.10.2014 19:04:12  41915,79459 16042 2,6 4095 -273,15 -273,15 -660,07 0,000 1 1 0,99 0 StartBlockReset 1 0,00
03.10.2014 19:04:13  41915,79460 16042 2,6 4095 -273,15 -273,15 -660,07 0,000 1 1 1,10 0 StartBlockReset 1 0,00
03.10.2014 19:04:14  41915,79461 16041 2,6 4095 -273,15 -273,15 -660,07 0,000 1 1 0,99 0 StartBlockReset 1 0,00
03.10.2014 19:04:15  41915,79462 16041 2,6 4095 -273,15 -273,15 -660,07 0,000 1 1 0,88 0 StartBlockReset 1 0,00
03.10.2014 19:04:16  41915,79463 16041 2,6 4095 -273,15 -273,15 -660,07 0,000 1 1 1,04 0 StartBlockReset 1 0,00
03.10.2014 19:04:17  41915,79464 16042 2,6 4095 -273,15 -273,15 -660,07 0,000 1 1 1,10 0 StartBlockReset 1 0,00
03.10.2014 19:04:18  41915,79466 16041 2,6 4095 -273,15 -273,15 -660,07 0,000 1 1 0,82 0 StartBlockReset 1 0,00
03.10.2014 19:04:19  41915,79467 16041 2,6 4095 -273,15 -273,15 -660,07 0,000 1 1 0,99 0 StartBlockReset 1 0,00
03.10.2014 19:04:20  41915,79468 16037 2,6 4095 -273,15 -273,15 -660,07 0,000 1 1 0,21 -1  1 0,00
03.10.2014 19:04:21  41915,79469 16017 2,6 4095 -273,15 -273,15 -660,07 0,000 1 1 -0,98 33 CellOff 1 0,00
03.10.2014 19:04:22  41915,79471 16041 2,6 4095 -273,11 -273,15 -660,07 0,000 1 1 0,82 33 CellOff 1 0,00
03.10.2014 19:04:23  41915,79472 16042 2,6 4095 -273,15 -273,15 -660,07 0,000 1 1 0,99 33 CellOff 1 0,00
03.10.2014 19:04:24  41915,79473 16042 2,6 4095 -273,15 -273,15 -660,07 0,000 1 1 0,99 33 CellOff 1 0,00
03.10.2014 19:04:25  41915,79474 16042 2,6 4095 -273,15 -273,15 -660,07 0,000 1 1 1,32 33 CellOff 1 0,00
03.10.2014 19:04:26  41915,79475 16042 2,6 4095 -273,15 -273,15 -660,07 0,000 1 1 1,15 33 CellOff 1 0,00
03.10.2014 19:04:27  41915,79477 16042 2,6 4095 -273,15 -273,15 -660,07 0,000 1 1 1,21 33 CellOff 1 0,00
03.10.2014 19:04:28  41915,79478 16042 2,6 4095 -273,15 -273,15 -660,07 0,000 1 1 1,21 -1  1 0,00
03.10.2014 19:04:31  41915,79481 16042 2,6 4095 -273,15 -273,15 -660,07 0,000 1 1 1,21 -1  1 0,00
03.10.2014 19:04:33  41915,79483 16042 2,6 4095 -273,15 -273,15 -660,07 0,000 1 1 1,37 0 StartBlockReset 1 0,00
03.10.2014 19:04:34  41915,79484 16042 2,6 4095 -273,15 -273,15 -660,07 0,000 1 1 1,32 0 StartBlockReset 1 0,00
03.10.2014 19:04:35  41915,79485 16042 2,6 4095 -273,15 -273,15 -660,07 0,000 1 1 1,15 0 StartBlockReset 1 0,00
03.10.2014 19:04:36  41915,79486 16042 2,6 4095 -273,15 -273,15 -660,07 0,000 1 1 1,21 0 StartBlockReset 1 0,00
03.10.2014 19:04:37  41915,79487 16042 2,6 4095 -273,15 -273,15 -660,07 0,000 1 1 1,43 0 StartBlockReset 1 0,00
03.10.2014 19:04:38  41915,79489 16042 2,6 4095 -273,15 -273,15 -660,07 0,000 1 1 1,15 0 StartBlockReset 1 0,00
03.10.2014 19:04:39  41915,79490 16042 2,6 4095 -273,15 -273,15 -660,07 0,000 1 1 1,32 0 StartBlockReset 1 0,00
03.10.2014 19:04:40  41915,79491 16043 2,6 4095 -273,15 -273,15 -660,07 0,000 1 1 1,43 0 StartBlockReset 1 0,00
03.10.2014 19:04:41  41915,79492 16042 2,6 4095 -273,15 -273,15 -660,07 0,000 1 1 1,21 0 StartBlockReset 1 0,00
03.10.2014 19:04:42  41915,79493 16042 2,6 4095 -273,15 -273,15 -660,07 0,000 1 1 1,32 0 StartBlockReset 1 0,00
03.10.2014 19:04:44  41915,79496 0 0,0 0 0,00 0,00 0,00 0,000 0 0 0,00 -1  1 0,00
03.10.2014 19:04:45  41915,79497 16043 2,6 4095 -273,15 -273,15 -660,07 0,000 1 1 1,43 33 CellOff 1 0,00
03.10.2014 19:04:46  41915,79498 16043 2,6 4095 -273,15 -273,15 -660,07 0,000 1 1 1,43 33 CellOff 1 0,00
03.10.2014 19:04:47  41915,79499 16042 2,6 4095 -273,15 -273,15 -660,07 0,000 1 1 1,43 33 CellOff 1 0,00
03.10.2014 19:04:48  41915,79501 16043 2,6 4095 -273,15 -273,15 -660,07 0,000 1 1 1,32 33 CellOff 1 0,00
03.10.2014 19:04:49  41915,79502 16043 2,6 4095 -273,15 -273,15 -660,07 0,000 1 1 1,43 33 CellOff 1 0,00
03.10.2014 19:04:50  41915,79503 16043 2,6 4095 -273,15 -273,15 -660,07 0,000 1 1 1,43 33 CellOff 1 0,00
03.10.2014 19:04:51  41915,79504 16043 2,6 4095 -273,15 -273,15 -660,07 0,000 1 1 1,54 33 CellOff 1 0,00
03.10.2014 19:04:52  41915,79505 16043 2,6 4095 -273,15 -273,15 -660,07 0,000 1 1 1,43 -1  1 0,00
03.10.2014 19:04:55  41915,79508 16043 2,6 4095 -273,15 -273,15 -660,07 0,000 1 1 1,65 -1  1 0,00
03.10.2014 19:04:56  41915,79510 16043 2,6 4095 -273,15 -273,15 -660,07 0,000 1 1 1,60 0 StartBlockReset 1 0,00
03.10.2014 19:04:57  41915,79511 16043 2,6 4095 -273,15 -273,15 -660,07 0,000 1 1 1,32 0 StartBlockReset 1 0,00
03.10.2014 19:04:58  41915,79512 16043 2,6 4095 -273,15 -273,15 -660,07 0,000 1 1 1,54 0 StartBlockReset 1 0,00
03.10.2014 19:04:59  41915,79513 16043 2,6 4095 -273,15 -273,06 -660,07 0,000 1 1 1,54 0 StartBlockReset 1 0,00
03.10.2014 19:05:00  41915,79514 16043 2,6 4095 -273,15 -273,15 -660,07 0,000 1 1 1,43 0 StartBlockReset 1 0,00
03.10.2014 19:05:01  41915,79516 16043 2,6 4095 -273,15 -273,15 -660,07 0,000 1 1 1,49 0 StartBlockReset 1 0,00
03.10.2014 19:05:02  41915,79517 16043 2,6 4095 -273,15 -273,15 -660,07 0,000 1 1 1,43 0 StartBlockReset 1 0,00
03.10.2014 19:05:03  41915,79518 16043 2,6 4095 -273,15 -273,11 -660,07 0,000 1 1 1,43 0 StartBlockReset 1 0,00
03.10.2014 19:05:04  41915,79519 16043 2,6 4095 -273,15 -273,15 -660,07 0,000 1 1 1,65 0 StartBlockReset 1 0,00
03.10.2014 19:05:05  41915,79520 16043 2,6 4095 -273,15 -273,15 -660,07 0,000 1 1 1,60 0 StartBlockReset 1 0,00
03.10.2014 19:05:06  41915,79522 16036 2,6 4095 -273,15 -273,15 -660,07 0,000 1 1 0,97 -1  1 0,00
03.10.2014 19:05:07  41915,79523 16042 2,6 4095 -273,15 -273,15 -660,07 0,000 1 1 1,32 33 CellOff 1 0,00
03.10.2014 19:05:08  41915,79524 16043 2,6 4095 -273,15 -273,15 -660,07 0,000 1 1 1,43 33 CellOff 1 0,00
03.10.2014 19:05:09  41915,79525 16043 2,6 4095 -273,15 -273,15 -660,07 0,000 1 1 1,54 33 CellOff 1 0,00
03.10.2014 19:05:11  41915,79527 16043 2,6 4095 -273,15 -273,15 -660,07 0,000 1 1 1,43 33 CellOff 1 0,00
03.10.2014 19:05:12  41915,79528 16043 2,6 4095 -273,15 -273,15 -660,07 0,000 1 1 1,43 33 CellOff 1 0,00
03.10.2014 19:05:13  41915,79529 16043 2,6 4095 -273,15 -273,15 -660,07 0,000 1 1 1,43 33 CellOff 1 0,00
03.10.2014 19:05:14  41915,79530 16043 2,6 4095 -273,15 -273,15 -660,07 0,000 1 1 1,43 33 CellOff 1 0,00
03.10.2014 20:47:38           
03.10.2014 20:47:40  41915,86644 16045 2,6 4095 -273,15 -273,15 -660,07 0,000 1 1 1,55 -1  1 0,00
03.10.2014 20:47:43  41915,86648 16046 2,6 4095 -273,15 -273,15 -660,07 0,000 1 1 1,66 -1  1 0,00
03.10.2014 20:47:44  41915,86649 16039 2,6 4095 -273,15 -273,15 -660,07 0,000 1 1 -0,90 -1  1 0,00
03.10.2014 20:47:46  41915,86651 16046 2,6 4095 -273,15 -273,15 -660,07 0,000 1 1 -0,22 33 CellOff 1 0,00
03.10.2014 20:47:47  41915,86652 16046 2,6 4095 -273,15 -273,15 -660,07 0,000 1 1 0,05 33 CellOff 1 0,00
03.10.2014 20:47:48  41915,86653 16046 2,6 4095 -273,15 -273,15 -660,07 0,000 1 1 0,00 33 CellOff 1 0,00
03.10.2014 20:47:49  41915,86654 16046 2,6 4095 -273,15 -273,15 -660,07 0,000 1 1 0,00 33 CellOff 1 0,00
03.10.2014 20:47:50  41915,86655 16046 2,6 4095 -273,15 -273,15 -660,07 0,000 1 1 -0,11 33 CellOff 1 0,00
03.10.2014 20:47:51  41915,86656 16046 2,6 4095 -273,15 -273,15 -660,07 0,000 1 1 -0,11 33 CellOff 1 0,00
03.10.2014 20:47:52  41915,86658 16046 2,6 4095 -273,15 -273,15 -660,07 0,000 1 1 -0,11 33 CellOff 1 0,00
03.10.2014 20:47:53  41915,86659 16046 2,6 4095 -273,15 -273,15 -660,07 0,000 1 1 -0,11 -1  1 0,00
03.10.2014 20:47:55  41915,86662 16040 2,6 4095 -273,15 -273,15 -660,07 0,000 1 1 -0,90 -1  1 0,00
03.10.2014 20:47:57  41915,86663 0 0,0 0 0,00 0,00 0,00 0,000 0 0 0,00 0 StartBlockReset 1 0,00
03.10.2014 20:47:58  41915,86664 0 0,0 0 0,00 0,00 0,00 0,000 0 0 0,00 0 StartBlockReset 1 0,00
03.10.2014 20:47:59  41915,86666 0 0,0 0 0,00 0,00 0,00 0,000 0 0 0,00 0 StartBlockReset 1 0,00
03.10.2014 20:48:00  41915,86667 0 0,0 0 0,00 0,00 0,00 0,000 0 0 0,00 0 StartBlockReset 1 0,00
03.10.2014 20:48:01  41915,86668 0 0,0 0 0,00 0,00 0,00 0,000 0 0 0,00 0 StartBlockReset 1 0,00
03.10.2014 20:48:02  41915,86669 0 0,0 0 0,00 0,00 0,00 0,000 0 0 0,00 0 StartBlockReset 1 0,00
03.10.2014 20:48:03  41915,86670 0 0,0 0 0,00 0,00 0,00 0,000 0 0 0,00 0 StartBlockReset 1 0,00
03.10.2014 20:48:04  41915,86671 0 0,0 0 0,00 0,00 0,00 0,000 0 0 0,00 0 StartBlockReset 1 0,00
03.10.2014 20:48:05  41915,86673 0 0,0 0 0,00 0,00 0,00 0,000 0 0 0,00 0 StartBlockReset 1 0,00
03.10.2014 20:48:06  41915,86674 0 0,0 0 0,00 0,00 0,00 0,000 0 0 0,00 0 StartBlockReset 1 0,00
03.10.2014 20:48:07  41915,86675 16046 2,6 4095 -273,15 -273,06 -660,07 0,000 1 1 0,00 -1  1 0,00
03.10.2014 20:48:08  41915,86676 16025 2,6 4095 -273,15 -273,15 -660,07 0,000 1 1 -0,80 33 CellOff 1 0,00
03.10.2014 20:48:09  41915,86678 16046 2,6 4095 -273,15 -273,15 -660,07 0,000 1 1 -0,05 33 CellOff 1 0,00
03.10.2014 20:48:10  41915,86679 16046 2,6 4095 -273,15 -273,15 -660,07 0,000 1 1 -0,05 33 CellOff 1 0,00
03.10.2014 20:48:11  41915,86680 16047 2,6 4095 -273,06 -273,15 -660,07 0,000 1 1 -0,10 33 CellOff 1 0,00
03.10.2014 20:48:12  41915,86681 16046 2,6 4095 -273,15 -273,15 -660,07 0,000 1 1 -0,11 33 CellOff 1 0,00
03.10.2014 20:48:13  41915,86682 16046 2,6 4095 -273,15 -273,15 -660,07 0,000 1 1 -0,11 33 CellOff 1 0,00
03.10.2014 20:48:14  41915,86683 16047 2,6 4095 -273,15 -273,15 -660,07 0,000 1 1 -0,10 33 CellOff 1 0,00
03.10.2014 20:48:15  41915,86685 16046 2,6 4095 -273,15 -273,15 -660,07 0,000 1 1 -0,11 -1  1 0,00
03.10.2014 20:48:18  41915,86688 16040 2,6 4095 -273,15 -273,15 -660,07 0,000 1 1 -1,44 -1  1 0,00
03.10.2014 20:48:19  41915,86689 0 0,0 0 0,00 0,00 0,00 0,000 0 0 0,00 0 StartBlockReset 1 0,00
03.10.2014 20:48:20  41915,86690 0 0,0 0 0,00 0,00 0,00 0,000 0 0 0,00 0 StartBlockReset 1 0,00
03.10.2014 20:48:21  41915,86691 0 0,0 0 0,00 0,00 0,00 0,000 0 0 0,00 0 StartBlockReset 1 0,00
03.10.2014 20:48:22  41915,86693 0 0,0 0 0,00 0,00 0,00 0,000 0 0 0,00 0 StartBlockReset 1 0,00
03.10.2014 20:48:23  41915,86694 0 0,0 0 0,00 0,00 0,00 0,000 0 0 0,00 0 StartBlockReset 1 0,00
03.10.2014 20:48:24  41915,86695 0 0,0 0 0,00 0,00 0,00 0,000 0 0 0,00 0 StartBlockReset 1 0,00
03.10.2014 20:48:25  41915,86696 0 0,0 0 0,00 0,00 0,00 0,000 0 0 0,00 0 StartBlockReset 1 0,00
03.10.2014 20:48:26  41915,86697 0 0,0 0 0,00 0,00 0,00 0,000 0 0 0,00 0 StartBlockReset 1 0,00
03.10.2014 20:48:27  41915,86698 16046 2,6 4095 -273,15 -273,15 -660,07 0,000 1 1 0,11 0 StartBlockReset 1 0,00
03.10.2014 20:48:28  41915,86700 16046 2,6 4095 -273,15 -273,15 -660,07 0,000 1 1 0,00 0 StartBlockReset 1 0,00
03.10.2014 20:48:29  41915,86701 16046 2,6 4095 -273,15 -273,15 -660,07 0,000 1 1 -0,11 -1  1 0,00
03.10.2014 20:48:30  41915,86702 16045 2,6 4095 -273,15 -273,15 -660,07 0,000 1 1 -0,12 33 CellOff 1 0,00
03.10.2014 20:48:31  41915,86703 16047 2,6 4095 -273,15 -273,15 -660,07 0,000 1 1 -0,21 33 CellOff 1 0,00
03.10.2014 20:48:32  41915,86705 16046 2,6 4095 -273,15 -273,15 -660,07 0,000 1 1 -0,11 33 CellOff 1 0,00
03.10.2014 20:48:33  41915,86706 16046 2,6 4095 -273,15 -273,15 -660,07 0,000 1 1 0,00 33 CellOff 1 0,00
03.10.2014 20:48:34  41915,86707 16046 2,6 4095 -273,15 -273,15 -660,07 0,000 1 1 -0,11 33 CellOff 1 0,00
03.10.2014 20:48:35  41915,86708 16046 2,6 4095 -273,15 -273,15 -660,07 0,000 1 1 -0,11 33 CellOff 1 0,00
03.10.2014 20:48:36  41915,86709 16046 2,6 4095 -273,15 -273,15 -660,07 0,000 1 1 -0,16 33 CellOff 1 0,00
03.10.2014 20:48:37  41915,86710 16046 2,6 4095 -273,15 -273,15 -660,07 0,000 1 1 -0,11 -1  1 0,00
03.10.2014 20:48:40  41915,86714 16042 2,6 4095 -273,15 -273,15 -660,07 0,000 1 1 -0,56 -1  1 0,00
03.10.2014 20:48:41  41915,86715 0 0,0 0 0,00 0,00 0,00 0,000 0 0 0,00 0 StartBlockReset 1 0,00
03.10.2014 20:48:42  41915,86716 0 0,0 0 0,00 0,00 0,00 0,000 0 0 0,00 0 StartBlockReset 1 0,00
03.10.2014 20:48:43  41915,86717 0 0,0 0 0,00 0,00 0,00 0,000 0 0 0,00 0 StartBlockReset 1 0,00
03.10.2014 20:48:44  41915,86718 0 0,0 0 0,00 0,00 0,00 0,000 0 0 0,00 0 StartBlockReset 1 0,00
03.10.2014 20:48:45  41915,86719 0 0,0 0 0,00 0,00 0,00 0,000 0 0 0,00 0 StartBlockReset 1 0,00
03.10.2014 20:48:46  41915,86721 0 0,0 0 0,00 0,00 0,00 0,000 0 0 0,00 0 StartBlockReset 1 0,00
03.10.2014 20:48:47  41915,86722 0 0,0 0 0,00 0,00 0,00 0,000 0 0 0,00 0 StartBlockReset 1 0,00
03.10.2014 20:48:48  41915,86723 0 0,0 0 0,00 0,00 0,00 0,000 0 0 0,00 0 StartBlockReset 1 0,00
03.10.2014 20:48:49  41915,86724 0 0,0 0 0,00 0,00 0,00 0,000 0 0 0,00 0 StartBlockReset 1 0,00
03.10.2014 20:48:50  41915,86725 0 0,0 0 0,00 0,00 0,00 0,000 0 0 0,00 0 StartBlockReset 1 0,00
03.10.2014 20:48:51  41915,86727 16041 2,6 4095 -273,15 -273,15 -660,07 0,000 1 1 -0,08 -1  1 0,00
03.10.2014 20:48:53  41915,86728 16046 2,6 4095 -273,15 -273,15 -660,07 0,000 1 1 -0,11 33 CellOff 1 0,00
03.10.2014 20:48:54  41915,86729 16046 2,6 4095 -273,15 -273,15 -660,07 0,000 1 1 0,00 33 CellOff 1 0,00
03.10.2014 20:48:55  41915,86730 16046 2,6 4095 -273,15 -273,15 -660,07 0,000 1 1 0,11 33 CellOff 1 0,00
03.10.2014 20:48:56  41915,86732 16046 2,6 4095 -273,15 -273,15 -660,07 0,000 1 1 0,11 33 CellOff 1 0,00
03.10.2014 20:48:57  41915,86733 16046 2,6 4095 -273,15 -273,15 -660,07 0,000 1 1 0,00 33 CellOff 1 0,00
03.10.2014 20:48:58  41915,86734 16046 2,6 4095 -273,15 -273,15 -660,07 0,000 1 1 0,00 33 CellOff 1 0,00
03.10.2014 20:48:59  41915,86735 16046 2,6 4095 -273,15 -273,15 -660,07 0,000 1 1 0,11 33 CellOff 1 0,00
03.10.2014 20:49:00  41915,86736 16046 2,6 4095 -273,15 -273,15 -660,07 0,000 1 1 0,00 -1  1 0,00
03.10.2014 20:49:02  41915,86739 16035 2,6 4095 -273,15 -273,06 -660,07 0,000 1 1 -2,12 -1  1 0,00
03.10.2014 20:49:03  41915,86741 0 0,0 0 0,00 0,00 0,00 0,000 0 0 0,00 0 StartBlockReset 1 0,00
03.10.2014 20:49:04  41915,86742 0 0,0 0 0,00 0,00 0,00 0,000 0 0 0,00 0 StartBlockReset 1 0,00
03.10.2014 20:49:05  41915,86743 0 0,0 0 0,00 0,00 0,00 0,000 0 0 0,00 0 StartBlockReset 1 0,00
03.10.2014 20:49:07  41915,86744 0 0,0 0 0,00 0,00 0,00 0,000 0 0 0,00 0 StartBlockReset 1 0,00
03.10.2014 20:49:08  41915,86745 0 0,0 0 0,00 0,00 0,00 0,000 0 0 0,00 0 StartBlockReset 1 0,00
03.10.2014 20:49:09  41915,86747 16046 2,6 4095 -273,06 -273,15 -660,07 0,000 1 1 -0,22 0 StartBlockReset 1 0,00
03.10.2014 20:49:10  41915,86748 16046 2,6 4095 -273,15 -273,15 -660,07 0,000 1 1 0,11 0 StartBlockReset 1 0,00
03.10.2014 20:49:11  41915,86749 16046 2,6 4095 -273,15 -273,15 -660,07 0,000 1 1 0,00 0 StartBlockReset 1 0,00
03.10.2014 20:49:12  41915,86750 16046 2,6 4095 -273,15 -273,15 -660,07 0,000 1 1 -0,11 0 StartBlockReset 1 0,00
03.10.2014 20:49:13  41915,86751 16046 2,6 4095 -273,15 -273,15 -660,07 0,000 1 1 0,00 0 StartBlockReset 1 0,00
03.10.2014 20:49:14  41915,86753 16046 2,6 4095 -273,15 -273,15 -660,07 0,000 1 1 0,00 -1  1 0,00
03.10.2014 20:49:15  41915,86754 16045 2,6 4095 -273,15 -273,15 -660,07 0,000 1 1 -0,06 33 CellOff 1 0,00
03.10.2014 20:49:16  41915,86755 16046 2,6 4095 -273,15 -273,15 -660,07 0,000 1 1 -0,11 33 CellOff 1 0,00
03.10.2014 20:49:17  41915,86756 16046 2,6 4095 -273,15 -273,15 -660,07 0,000 1 1 0,00 33 CellOff 1 0,00
03.10.2014 20:49:18  41915,86757 16046 2,6 4095 -273,15 -273,15 -660,07 0,000 1 1 0,11 33 CellOff 1 0,00
03.10.2014 20:49:19  41915,86759 16046 2,6 4095 -273,15 -273,15 -660,07 0,000 1 1 0,00 33 CellOff 1 0,00
03.10.2014 20:49:20  41915,86760 16046 2,6 4095 -273,15 -273,15 -660,07 0,000 1 1 0,00 33 CellOff 1 0,00
03.10.2014 20:49:21  41915,86761 16046 2,6 4095 -273,15 -273,15 -660,07 0,000 1 1 0,00 33 CellOff 1 0,00
03.10.2014 20:49:22  41915,86762 16046 2,6 4095 -273,15 -273,15 -660,07 0,000 1 1 -0,11 -1  1 0,00
03.10.2014 20:49:25  41915,86765 16046 2,6 4095 -273,15 -273,15 -660,07 0,000 1 1 0,11 -1  1 0,00
03.10.2014 20:49:26  41915,86767 0 0,0 0 0,00 0,00 0,00 0,000 0 0 0,00 0 StartBlockReset 1 0,00
03.10.2014 20:49:27  41915,86768 0 0,0 0 0,00 0,00 0,00 0,000 0 0 0,00 0 StartBlockReset 1 0,00
03.10.2014 20:49:28  41915,86769 0 0,0 0 0,00 0,00 0,00 0,000 0 0 0,00 0 StartBlockReset 1 0,00
03.10.2014 20:49:29  41915,86770 0 0,0 0 0,00 0,00 0,00 0,000 0 0 0,00 0 StartBlockReset 1 0,00
03.10.2014 20:49:30  41915,86771 0 0,0 0 0,00 0,00 0,00 0,000 0 0 0,00 0 StartBlockReset 1 0,00
03.10.2014 20:49:31  41915,86772 0 0,0 0 0,00 0,00 0,00 0,000 0 0 0,00 0 StartBlockReset 1 0,00
03.10.2014 20:49:32  41915,86774 0 0,0 0 0,00 0,00 0,00 0,000 0 0 0,00 0 StartBlockReset 1 0,00
03.10.2014 20:49:33  41915,86775 0 0,0 0 0,00 0,00 0,00 0,000 0 0 0,00 0 StartBlockReset 1 0,00
03.10.2014 20:49:34  41915,86776 0 0,0 0 0,00 0,00 0,00 0,000 0 0 0,00 0 StartBlockReset 1 0,00
03.10.2014 20:49:35  41915,86777 0 0,0 0 0,00 0,00 0,00 0,000 0 0 0,00 0 StartBlockReset 1 0,00
03.10.2014 20:49:36  41915,86779 16046 2,6 4095 -273,15 -273,15 -660,07 0,000 1 1 -0,16 -1  1 0,00
03.10.2014 20:49:37  41915,86780 16036 2,6 4095 -273,15 -273,11 -660,07 0,000 1 1 -0,86 33 CellOff 1 0,00
03.10.2014 20:49:38  41915,86781 16046 2,6 4095 -273,15 -273,15 -660,07 0,000 1 1 -0,11 33 CellOff 1 0,00
03.10.2014 20:49:39  41915,86782 16046 2,6 4095 -273,15 -273,15 -660,07 0,000 1 1 0,11 33 CellOff 1 0,00
03.10.2014 20:49:40  41915,86783 16046 2,6 4095 -273,15 -273,15 -660,07 0,000 1 1 0,00 33 CellOff 1 0,00
03.10.2014 20:49:41  41915,86785 16046 2,6 4095 -273,15 -273,15 -660,07 0,000 1 1 -0,11 33 CellOff 1 0,00
03.10.2014 20:49:42  41915,86786 16046 2,6 4095 -273,15 -273,15 -660,07 0,000 1 1 -0,11 33 CellOff 1 0,00
03.10.2014 20:49:43  41915,86787 16046 2,6 4095 -273,15 -273,15 -660,07 0,000 1 1 -0,11 33 CellOff 1 0,00
03.10.2014 20:49:44  41915,86788 16046 2,6 4095 -273,15 -273,15 -660,07 0,000 1 1 0,00 -1  1 0,00
03.10.2014 20:49:47  41915,86791 16044 2,6 4095 -273,15 -273,15 -660,07 0,000 1 1 -0,56 -1  1 0,00
03.10.2014 20:49:48  41915,86793 0 0,0 0 0,00 0,00 0,00 0,000 0 0 0,00 0 StartBlockReset 1 0,00
03.10.2014 20:49:49  41915,86794 0 0,0 0 0,00 0,00 0,00 0,000 0 0 0,00 0 StartBlockReset 1 0,00
03.10.2014 20:49:50  41915,86795 0 0,0 0 0,00 0,00 0,00 0,000 0 0 0,00 0 StartBlockReset 1 0,00
03.10.2014 20:49:51  41915,86796 0 0,0 0 0,00 0,00 0,00 0,000 0 0 0,00 0 StartBlockReset 1 0,00
03.10.2014 20:49:52  41915,86797 0 0,0 0 0,00 0,00 0,00 0,000 0 0 0,00 0 StartBlockReset 1 0,00
03.10.2014 20:49:53  41915,86798 0 0,0 0 0,00 0,00 0,00 0,000 0 0 0,00 0 StartBlockReset 1 0,00
03.10.2014 20:49:54  41915,86800 0 0,0 0 0,00 0,00 0,00 0,000 0 0 0,00 0 StartBlockReset 1 0,00
03.10.2014 20:49:55  41915,86801 0 0,0 0 0,00 0,00 0,00 0,000 0 0 0,00 0 StartBlockReset 1 0,00
03.10.2014 20:49:56  41915,86802 0 0,0 0 0,00 0,00 0,00 0,000 0 0 0,00 0 StartBlockReset 1 0,00
03.10.2014 20:49:57  41915,86803 0 0,0 0 0,00 0,00 0,00 0,000 0 0 0,00 0 StartBlockReset 1 0,00
03.10.2014 20:49:59  41915,86805 16039 2,6 4095 -273,15 -273,15 -660,07 0,000 1 1 -0,79 -1  1 0,00
